2, 2, 2, 0
3, 3, 3, 0
4, 2, 2, 2, 0
5, 3, 2, 2.5, 0.5
6, 3, 3, 3, 0
6, 2, 2, 2, 2, 0
7, 3, 2, 2, 2.33333, 0.471405
8, 3, 3, 2, 2.66667, 0.471405
8, 2, 2, 2, 2, 2, 0
9, 3, 3, 3, 3, 0
9, 3, 2, 2, 2, 2.25, 0.433013
10, 3, 3, 2, 2, 2.5, 0.5
10, 2, 2, 2, 2, 2, 2, 0
11, 3, 3, 3, 2, 2.75, 0.433013
11, 3, 2, 2, 2, 2, 2.2, 0.4
12, 3, 3, 3, 3, 3, 0
12, 3, 3, 2, 2, 2, 2.4, 0.489898
12, 2, 2, 2, 2, 2, 2, 2, 0
13, 3, 3, 3, 2, 2, 2.6, 0.489898
13, 3, 2, 2, 2, 2, 2, 2.16667, 0.372678
14, 3, 3, 3, 3, 2, 2.8, 0.4
14, 3, 3, 2, 2, 2, 2, 2.33333, 0.471405
14, 2, 2, 2, 2, 2, 2, 2, 2, 0
15, 3, 3, 3, 3, 3, 3, 0
15, 3, 3, 3, 2, 2, 2, 2.5, 0.5
15, 3, 2, 2, 2, 2, 2, 2, 2.14286, 0.349927
16, 3, 3, 3, 3, 2, 2, 2.66667, 0.471405
16, 3, 3, 2, 2, 2, 2, 2, 2.28571, 0.451754
16, 2, 2, 2, 2, 2, 2, 2, 2, 2, 0
17, 3, 3, 3, 3, 3, 2, 2.83333, 0.372678
17, 3, 3, 3, 2, 2, 2, 2, 2.42857, 0.494872
17, 3, 2, 2, 2, 2, 2, 2, 2, 2.125, 0.330719
18, 3, 3, 3, 3, 3, 3, 3, 0
18, 3, 3, 3, 3, 2, 2, 2, 2.57143, 0.494872
18, 3, 3, 2, 2, 2, 2, 2, 2, 2.25, 0.433013
18, 2, 2, 2, 2, 2, 2, 2, 2, 2, 2, 0
19, 3, 3, 3, 3, 3, 2, 2, 2.71429, 0.451754
19, 3, 3, 3, 2, 2, 2, 2, 2, 2.375, 0.484123
19, 3, 2, 2, 2, 2, 2, 2, 2, 2, 2.11111, 0.31427
20, 3, 3, 3, 3, 3, 3, 2, 2.85714, 0.349927
20, 3, 3, 3, 3, 2, 2, 2, 2, 2.5, 0.5
20, 3, 3, 2, 2, 2, 2, 2, 2, 2, 2.22222, 0.41574
20, 2, 2, 2, 2, 2, 2, 2, 2, 2, 2, 2, 0
21, 3, 3, 3, 3, 3, 3, 3, 3, 0
21, 3, 3, 3, 3, 3, 2, 2, 2, 2.625, 0.484123
21, 3, 3, 3, 2, 2, 2, 2, 2, 2, 2.33333, 0.471405
21, 3, 2, 2, 2, 2, 2, 2, 2, 2, 2, 2.1, 0.3
22, 3, 3, 3, 3, 3, 3, 2, 2, 2.75, 0.433013
22, 3, 3, 3, 3, 2, 2, 2, 2, 2, 2.44444, 0.496904
22, 3, 3, 2, 2, 2, 2, 2, 2, 2, 2, 2.2, 0.4
22, 2, 2, 2, 2, 2, 2, 2, 2, 2, 2, 2, 2, 0
23, 3, 3, 3, 3, 3, 3, 3, 2, 2.875, 0.330719
23, 3, 3, 3, 3, 3, 2, 2, 2, 2, 2.55556, 0.496904
23, 3, 3, 3, 2, 2, 2, 2, 2, 2, 2, 2.3, 0.458258
23, 3, 2, 2, 2, 2, 2, 2, 2, 2, 2, 2, 2.09091, 0.28748
24, 3, 3, 3, 3, 3, 3, 3, 3, 3, 0
24, 3, 3, 3, 3, 3, 3, 2, 2, 2, 2.66667, 0.471405
24, 3, 3, 3, 3, 2, 2, 2, 2, 2, 2, 2.4, 0.489898
24, 3, 3, 2, 2, 2, 2, 2, 2, 2, 2, 2, 2.18182, 0.385695
24, 2, 2, 2, 2, 2, 2, 2, 2, 2, 2, 2, 2, 2, 0
25, 3, 3, 3, 3, 3, 3, 3, 2, 2, 2.77778, 0.41574
25, 3, 3, 3, 3, 3, 2, 2, 2, 2, 2, 2.5, 0.5
25, 3, 3, 3, 2, 2, 2, 2, 2, 2, 2, 2, 2.27273, 0.445362
25, 3, 2, 2, 2, 2, 2, 2, 2, 2, 2, 2, 2, 2.08333, 0.276385
26, 3, 3, 3, 3, 3, 3, 3, 3, 2, 2.88889, 0.31427
26, 3, 3, 3, 3, 3, 3, 2, 2, 2, 2, 2.6, 0.489898
26, 3, 3, 3, 3, 2, 2, 2, 2, 2, 2, 2, 2.36364, 0.481046
26, 3, 3, 2, 2, 2, 2, 2, 2, 2, 2, 2, 2, 2.16667, 0.372678
26, 2, 2, 2, 2, 2, 2, 2, 2, 2, 2, 2, 2, 2, 2, 0
27, 3, 3, 3, 3, 3, 3, 3, 3, 3, 3, 0
27, 3, 3, 3, 3, 3, 3, 3, 2, 2, 2, 2.7, 0.458258
27, 3, 3, 3, 3, 3, 2, 2, 2, 2, 2, 2, 2.45455, 0.49793
27, 3, 3, 3, 2, 2, 2, 2, 2, 2, 2, 2, 2, 2.25, 0.433013
27, 3, 2, 2, 2, 2, 2, 2, 2, 2, 2, 2, 2, 2, 2.07692, 0.266469
28, 3, 3, 3, 3, 3, 3, 3, 3, 2, 2, 2.8, 0.4
28, 3, 3, 3, 3, 3, 3, 2, 2, 2, 2, 2, 2.54545, 0.49793
28, 3, 3, 3, 3, 2, 2, 2, 2, 2, 2, 2, 2, 2.33333, 0.471405
28, 3, 3, 2, 2, 2, 2, 2, 2, 2, 2, 2, 2, 2, 2.15385, 0.360801
28, 2, 2, 2, 2, 2, 2, 2, 2, 2, 2, 2, 2, 2, 2, 2, 0
29, 3, 3, 3, 3, 3, 3, 3, 3, 3, 2, 2.9, 0.3
29, 3, 3, 3, 3, 3, 3, 3, 2, 2, 2, 2, 2.63636, 0.481046
29, 3, 3, 3, 3, 3, 2, 2, 2, 2, 2, 2, 2, 2.41667, 0.493007
29, 3, 3, 3, 2, 2, 2, 2, 2, 2, 2, 2, 2, 2, 2.23077, 0.421325
29, 3, 2, 2, 2, 2, 2, 2, 2, 2, 2, 2, 2, 2, 2, 2.07143, 0.257539
30, 3, 3, 3, 3, 3, 3, 3, 3, 3, 3, 3, 0
30, 3, 3, 3, 3, 3, 3, 3, 3, 2, 2, 2, 2.72727, 0.445362
30, 3, 3, 3, 3, 3, 3, 2, 2, 2, 2, 2, 2, 2.5, 0.5
30, 3, 3, 3, 3, 2, 2, 2, 2, 2, 2, 2, 2, 2, 2.30769, 0.461538
30, 3, 3, 2, 2, 2, 2, 2, 2, 2, 2, 2, 2, 2, 2, 2.14286, 0.349927
30, 2, 2, 2, 2, 2, 2, 2, 2, 2, 2, 2, 2, 2, 2, 2, 2, 0
31, 3, 3, 3, 3, 3, 3, 3, 3, 3, 2, 2, 2.81818, 0.385695
31, 3, 3, 3, 3, 3, 3, 3, 2, 2, 2, 2, 2, 2.58333, 0.493007
31, 3, 3, 3, 3, 3, 2, 2, 2, 2, 2, 2, 2, 2, 2.38462, 0.486504
31, 3, 3, 3, 2, 2, 2, 2, 2, 2, 2, 2, 2, 2, 2, 2.21429, 0.410326
31, 3, 2, 2, 2, 2, 2, 2, 2, 2, 2, 2, 2, 2, 2, 2, 2.06667, 0.249444
32, 3, 3, 3, 3, 3, 3, 3, 3, 3, 3, 2, 2.90909, 0.28748
32, 3, 3, 3, 3, 3, 3, 3, 3, 2, 2, 2, 2, 2.66667, 0.471405
32, 3, 3, 3, 3, 3, 3, 2, 2, 2, 2, 2, 2, 2, 2.46154, 0.498519
32, 3, 3, 3, 3, 2, 2, 2, 2, 2, 2, 2, 2, 2, 2, 2.28571, 0.451754
32, 3, 3, 2, 2, 2, 2, 2, 2, 2, 2, 2, 2, 2, 2, 2, 2.13333, 0.339935
32, 2, 2, 2, 2, 2, 2, 2, 2, 2, 2, 2, 2, 2, 2, 2, 2, 2, 0
33, 3, 3, 3, 3, 3, 3, 3, 3, 3, 3, 3, 3, 0
33, 3, 3, 3, 3, 3, 3, 3, 3, 3, 2, 2, 2, 2.75, 0.433013
33, 3, 3, 3, 3, 3, 3, 3, 2, 2, 2, 2, 2, 2, 2.53846, 0.498519
33, 3, 3, 3, 3, 3, 2, 2, 2, 2, 2, 2, 2, 2, 2, 2.35714, 0.479157
33, 3, 3, 3, 2, 2, 2, 2, 2, 2, 2, 2, 2, 2, 2, 2, 2.2, 0.4
33, 3, 2, 2, 2, 2, 2, 2, 2, 2, 2, 2, 2, 2, 2, 2, 2, 2.0625, 0.242061
34, 3, 3, 3, 3, 3, 3, 3, 3, 3, 3, 2, 2, 2.83333, 0.372678
34, 3, 3, 3, 3, 3, 3, 3, 3, 2, 2, 2, 2, 2, 2.61538, 0.486504
34, 3, 3, 3, 3, 3, 3, 2, 2, 2, 2, 2, 2, 2, 2, 2.42857, 0.494872
34, 3, 3, 3, 3, 2, 2, 2, 2, 2, 2, 2, 2, 2, 2, 2, 2.26667, 0.442217
34, 3, 3, 2, 2, 2, 2, 2, 2, 2, 2, 2, 2, 2, 2, 2, 2, 2.125, 0.330719
34, 2, 2, 2, 2, 2, 2, 2, 2, 2, 2, 2, 2, 2, 2, 2, 2, 2, 2, 0
35, 3, 3, 3, 3, 3, 3, 3, 3, 3, 3, 3, 2, 2.91667, 0.276385
35, 3, 3, 3, 3, 3, 3, 3, 3, 3, 2, 2, 2, 2, 2.69231, 0.461538
35, 3, 3, 3, 3, 3, 3, 3, 2, 2, 2, 2, 2, 2, 2, 2.5, 0.5
35, 3, 3, 3, 3, 3, 2, 2, 2, 2, 2, 2, 2, 2, 2, 2, 2.33333, 0.471405
35, 3, 3, 3, 2, 2, 2, 2, 2, 2, 2, 2, 2, 2, 2, 2, 2, 2.1875, 0.390312
35, 3, 2, 2, 2, 2, 2, 2, 2, 2, 2, 2, 2, 2, 2, 2, 2, 2, 2.05882, 0.235294
36, 3, 3, 3, 3, 3, 3, 3, 3, 3, 3, 3, 3, 3, 0
36, 3, 3, 3, 3, 3, 3, 3, 3, 3, 3, 2, 2, 2, 2.76923, 0.421325
36, 3, 3, 3, 3, 3, 3, 3, 3, 2, 2, 2, 2, 2, 2, 2.57143, 0.494872
36, 3, 3, 3, 3, 3, 3, 2, 2, 2, 2, 2, 2, 2, 2, 2, 2.4, 0.489898
36, 3, 3, 3, 3, 2, 2, 2, 2, 2, 2, 2, 2, 2, 2, 2, 2, 2.25, 0.433013
36, 3, 3, 2, 2, 2, 2, 2, 2, 2, 2, 2, 2, 2, 2, 2, 2, 2, 2.11765, 0.32219
36, 2, 2, 2, 2, 2, 2, 2, 2, 2, 2, 2, 2, 2, 2, 2, 2, 2, 2, 2, 0
37, 3, 3, 3, 3, 3, 3, 3, 3, 3, 3, 3, 2, 2, 2.84615, 0.360801
37, 3, 3, 3, 3, 3, 3, 3, 3, 3, 2, 2, 2, 2, 2, 2.64286, 0.479157
37, 3, 3, 3, 3, 3, 3, 3, 2, 2, 2, 2, 2, 2, 2, 2, 2.46667, 0.498888
37, 3, 3, 3, 3, 3, 2, 2, 2, 2, 2, 2, 2, 2, 2, 2, 2, 2.3125, 0.463512
37, 3, 3, 3, 2, 2, 2, 2, 2, 2, 2, 2, 2, 2, 2, 2, 2, 2, 2.17647, 0.38122
37, 3, 2, 2, 2, 2, 2, 2, 2, 2, 2, 2, 2, 2, 2, 2, 2, 2, 2, 2.05556, 0.229061
38, 3, 3, 3, 3, 3, 3, 3, 3, 3, 3, 3, 3, 2, 2.92308, 0.266469
38, 3, 3, 3, 3, 3, 3, 3, 3, 3, 3, 2, 2, 2, 2, 2.71429, 0.451754
38, 3, 3, 3, 3, 3, 3, 3, 3, 2, 2, 2, 2, 2, 2, 2, 2.53333, 0.498888
38, 3, 3, 3, 3, 3, 3, 2, 2, 2, 2, 2, 2, 2, 2, 2, 2, 2.375, 0.484123
38, 3, 3, 3, 3, 2, 2, 2, 2, 2, 2, 2, 2, 2, 2, 2, 2, 2, 2.23529, 0.424183
38, 3, 3, 2, 2, 2, 2, 2, 2, 2, 2, 2, 2, 2, 2, 2, 2, 2, 2, 2.11111, 0.31427
38, 2, 2, 2, 2, 2, 2, 2, 2, 2, 2, 2, 2, 2, 2, 2, 2, 2, 2, 2, 2, 0
39, 3, 3, 3, 3, 3, 3, 3, 3, 3, 3, 3, 3, 3, 3, 0
39, 3, 3, 3, 3, 3, 3, 3, 3, 3, 3, 3, 2, 2, 2, 2.78571, 0.410326
39, 3, 3, 3, 3, 3, 3, 3, 3, 3, 2, 2, 2, 2, 2, 2, 2.6, 0.489898
39, 3, 3, 3, 3, 3, 3, 3, 2, 2, 2, 2, 2, 2, 2, 2, 2, 2.4375, 0.496078
39, 3, 3, 3, 3, 3, 2, 2, 2, 2, 2, 2, 2, 2, 2, 2, 2, 2, 2.29412, 0.455645
39, 3, 3, 3, 2, 2, 2, 2, 2, 2, 2, 2, 2, 2, 2, 2, 2, 2, 2, 2.16667, 0.372678
39, 3, 2, 2, 2, 2, 2, 2, 2, 2, 2, 2, 2, 2, 2, 2, 2, 2, 2, 2, 2.05263, 0.223297
40, 3, 3, 3, 3, 3, 3, 3, 3, 3, 3, 3, 3, 2, 2, 2.85714, 0.349927
40, 3, 3, 3, 3, 3, 3, 3, 3, 3, 3, 2, 2, 2, 2, 2, 2.66667, 0.471405
40, 3, 3, 3, 3, 3, 3, 3, 3, 2, 2, 2, 2, 2, 2, 2, 2, 2.5, 0.5
40, 3, 3, 3, 3, 3, 3, 2, 2, 2, 2, 2, 2, 2, 2, 2, 2, 2, 2.35294, 0.477885
40, 3, 3, 3, 3, 2, 2, 2, 2, 2, 2, 2, 2, 2, 2, 2, 2, 2, 2, 2.22222, 0.41574
40, 3, 3, 2, 2, 2, 2, 2, 2, 2, 2, 2, 2, 2, 2, 2, 2, 2, 2, 2, 2.10526, 0.306892
40, 2, 2, 2, 2, 2, 2, 2, 2, 2, 2, 2, 2, 2, 2, 2, 2, 2, 2, 2, 2, 2, 0
41, 3, 3, 3, 3, 3, 3, 3, 3, 3, 3, 3, 3, 3, 2, 2.92857, 0.257539
41, 3, 3, 3, 3, 3, 3, 3, 3, 3, 3, 3, 2, 2, 2, 2, 2.73333, 0.442217
41, 3, 3, 3, 3, 3, 3, 3, 3, 3, 2, 2, 2, 2, 2, 2, 2, 2.5625, 0.496078
41, 3, 3, 3, 3, 3, 3, 3, 2, 2, 2, 2, 2, 2, 2, 2, 2, 2, 2.41176, 0.492153
41, 3, 3, 3, 3, 3, 2, 2, 2, 2, 2, 2, 2, 2, 2, 2, 2, 2, 2, 2.27778, 0.447903
41, 3, 3, 3, 2, 2, 2, 2, 2, 2, 2, 2, 2, 2, 2, 2, 2, 2, 2, 2, 2.15789, 0.364642
41, 3, 2, 2, 2, 2, 2, 2, 2, 2, 2, 2, 2, 2, 2, 2, 2, 2, 2, 2, 2, 2.05, 0.217945