5, 3, 2, 2.5, 0.5
7, 5, 2, 3.5, 1.5
7, 4, 3, 3.5, 0.5
8, 5, 3, 4, 1
9, 7, 2, 4.5, 2.5
9, 5, 4, 4.5, 0.5
10, 7, 3, 5, 2
11, 9, 2, 5.5, 3.5
11, 8, 3, 5.5, 2.5
11, 7, 4, 5.5, 1.5
11, 6, 5, 5.5, 0.5
12, 7, 5, 6, 1
13, 11, 2, 6.5, 4.5
13, 10, 3, 6.5, 3.5
13, 9, 4, 6.5, 2.5
13, 8, 5, 6.5, 1.5
13, 7, 6, 6.5, 0.5
14, 11, 3, 7, 4
14, 9, 5, 7, 2
15, 13, 2, 7.5, 5.5
15, 11, 4, 7.5, 3.5
15, 8, 7, 7.5, 0.5
16, 13, 3, 8, 5
16, 11, 5, 8, 3
16, 9, 7, 8, 1
17, 15, 2, 8.5, 6.5
17, 14, 3, 8.5, 5.5
17, 13, 4, 8.5, 4.5
17, 12, 5, 8.5, 3.5
17, 11, 6, 8.5, 2.5
17, 10, 7, 8.5, 1.5
17, 9, 8, 8.5, 0.5
18, 13, 5, 9, 4
18, 11, 7, 9, 2
19, 17, 2, 9.5, 7.5
19, 16, 3, 9.5, 6.5
19, 15, 4, 9.5, 5.5
19, 14, 5, 9.5, 4.5
19, 13, 6, 9.5, 3.5
19, 12, 7, 9.5, 2.5
19, 11, 8, 9.5, 1.5
19, 10, 9, 9.5, 0.5
20, 17, 3, 10, 7
20, 13, 7, 10, 3
20, 11, 9, 10, 1
21, 19, 2, 10.5, 8.5
21, 17, 4, 10.5, 6.5
21, 16, 5, 10.5, 5.5
21, 13, 8, 10.5, 2.5
21, 11, 10, 10.5, 0.5
22, 19, 3, 11, 8
22, 17, 5, 11, 6
22, 15, 7, 11, 4
22, 13, 9, 11, 2
23, 21, 2, 11.5, 9.5
23, 20, 3, 11.5, 8.5
23, 19, 4, 11.5, 7.5
23, 18, 5, 11.5, 6.5
23, 17, 6, 11.5, 5.5
23, 16, 7, 11.5, 4.5
23, 15, 8, 11.5, 3.5
23, 14, 9, 11.5, 2.5
23, 13, 10, 11.5, 1.5
23, 12, 11, 11.5, 0.5
24, 19, 5, 12, 7
24, 17, 7, 12, 5
24, 13, 11, 12, 1
25, 23, 2, 12.5, 10.5
25, 22, 3, 12.5, 9.5
25, 21, 4, 12.5, 8.5
25, 19, 6, 12.5, 6.5
25, 18, 7, 12.5, 5.5
25, 17, 8, 12.5, 4.5
25, 16, 9, 12.5, 3.5
25, 14, 11, 12.5, 1.5
25, 13, 12, 12.5, 0.5
26, 23, 3, 13, 10
26, 21, 5, 13, 8
26, 19, 7, 13, 6
26, 17, 9, 13, 4
26, 15, 11, 13, 2
27, 25, 2, 13.5, 11.5
27, 23, 4, 13.5, 9.5
27, 22, 5, 13.5, 8.5
27, 20, 7, 13.5, 6.5
27, 19, 8, 13.5, 5.5
27, 17, 10, 13.5, 3.5
27, 16, 11, 13.5, 2.5
27, 14, 13, 13.5, 0.5
28, 25, 3, 14, 11
28, 23, 5, 14, 9
28, 19, 9, 14, 5
28, 17, 11, 14, 3
28, 15, 13, 14, 1
29, 27, 2, 14.5, 12.5
29, 26, 3, 14.5, 11.5
29, 25, 4, 14.5, 10.5
29, 24, 5, 14.5, 9.5
29, 23, 6, 14.5, 8.5
29, 22, 7, 14.5, 7.5
29, 21, 8, 14.5, 6.5
29, 20, 9, 14.5, 5.5
29, 19, 10, 14.5, 4.5
29, 18, 11, 14.5, 3.5
29, 17, 12, 14.5, 2.5
29, 16, 13, 14.5, 1.5
29, 15, 14, 14.5, 0.5
30, 23, 7, 15, 8
30, 19, 11, 15, 4
30, 17, 13, 15, 2
31, 29, 2, 15.5, 13.5
31, 28, 3, 15.5, 12.5
31, 27, 4, 15.5, 11.5
31, 26, 5, 15.5, 10.5
31, 25, 6, 15.5, 9.5
31, 24, 7, 15.5, 8.5
31, 23, 8, 15.5, 7.5
31, 22, 9, 15.5, 6.5
31, 21, 10, 15.5, 5.5
31, 20, 11, 15.5, 4.5
31, 19, 12, 15.5, 3.5
31, 18, 13, 15.5, 2.5
31, 17, 14, 15.5, 1.5
31, 16, 15, 15.5, 0.5
32, 29, 3, 16, 13
32, 27, 5, 16, 11
32, 25, 7, 16, 9
32, 23, 9, 16, 7
32, 21, 11, 16, 5
32, 19, 13, 16, 3
32, 17, 15, 16, 1
33, 31, 2, 16.5, 14.5
33, 29, 4, 16.5, 12.5
33, 28, 5, 16.5, 11.5
33, 26, 7, 16.5, 9.5
33, 25, 8, 16.5, 8.5
33, 23, 10, 16.5, 6.5
33, 20, 13, 16.5, 3.5
33, 19, 14, 16.5, 2.5
33, 17, 16, 16.5, 0.5
34, 31, 3, 17, 14
34, 29, 5, 17, 12
34, 27, 7, 17, 10
34, 25, 9, 17, 8
34, 23, 11, 17, 6
34, 21, 13, 17, 4
34, 19, 15, 17, 2
35, 33, 2, 17.5, 15.5
35, 32, 3, 17.5, 14.5
35, 31, 4, 17.5, 13.5
35, 29, 6, 17.5, 11.5
35, 27, 8, 17.5, 9.5
35, 26, 9, 17.5, 8.5
35, 24, 11, 17.5, 6.5
35, 23, 12, 17.5, 5.5
35, 22, 13, 17.5, 4.5
35, 19, 16, 17.5, 1.5
35, 18, 17, 17.5, 0.5
36, 31, 5, 18, 13
36, 29, 7, 18, 11
36, 25, 11, 18, 7
36, 23, 13, 18, 5
36, 19, 17, 18, 1
37, 35, 2, 18.5, 16.5
37, 34, 3, 18.5, 15.5
37, 33, 4, 18.5, 14.5
37, 32, 5, 18.5, 13.5
37, 31, 6, 18.5, 12.5
37, 30, 7, 18.5, 11.5
37, 29, 8, 18.5, 10.5
37, 28, 9, 18.5, 9.5
37, 27, 10, 18.5, 8.5
37, 26, 11, 18.5, 7.5
37, 25, 12, 18.5, 6.5
37, 24, 13, 18.5, 5.5
37, 23, 14, 18.5, 4.5
37, 22, 15, 18.5, 3.5
37, 21, 16, 18.5, 2.5
37, 20, 17, 18.5, 1.5
37, 19, 18, 18.5, 0.5
38, 35, 3, 19, 16
38, 33, 5, 19, 14
38, 31, 7, 19, 12
38, 29, 9, 19, 10
38, 27, 11, 19, 8
38, 25, 13, 19, 6
38, 23, 15, 19, 4
38, 21, 17, 19, 2
39, 37, 2, 19.5, 17.5
39, 35, 4, 19.5, 15.5
39, 34, 5, 19.5, 14.5
39, 32, 7, 19.5, 12.5
39, 31, 8, 19.5, 11.5
39, 29, 10, 19.5, 9.5
39, 28, 11, 19.5, 8.5
39, 25, 14, 19.5, 5.5
39, 23, 16, 19.5, 3.5
39, 22, 17, 19.5, 2.5
39, 20, 19, 19.5, 0.5
40, 37, 3, 20, 17
40, 33, 7, 20, 13
40, 31, 9, 20, 11
40, 29, 11, 20, 9
40, 27, 13, 20, 7
40, 23, 17, 20, 3
40, 21, 19, 20, 1
41, 39, 2, 20.5, 18.5
41, 38, 3, 20.5, 17.5
41, 37, 4, 20.5, 16.5
41, 36, 5, 20.5, 15.5
41, 35, 6, 20.5, 14.5
41, 34, 7, 20.5, 13.5
41, 33, 8, 20.5, 12.5
41, 32, 9, 20.5, 11.5
41, 31, 10, 20.5, 10.5
41, 30, 11, 20.5, 9.5
41, 29, 12, 20.5, 8.5
41, 28, 13, 20.5, 7.5
41, 27, 14, 20.5, 6.5
41, 26, 15, 20.5, 5.5
41, 25, 16, 20.5, 4.5
41, 24, 17, 20.5, 3.5
41, 23, 18, 20.5, 2.5
41, 22, 19, 20.5, 1.5
41, 21, 20, 20.5, 0.5
42, 37, 5, 21, 16
42, 31, 11, 21, 10
42, 29, 13, 21, 8
42, 25, 17, 21, 4
42, 23, 19, 21, 2
43, 41, 2, 21.5, 19.5
43, 40, 3, 21.5, 18.5
43, 39, 4, 21.5, 17.5
43, 38, 5, 21.5, 16.5
43, 37, 6, 21.5, 15.5
43, 36, 7, 21.5, 14.5
43, 35, 8, 21.5, 13.5
43, 34, 9, 21.5, 12.5
43, 33, 10, 21.5, 11.5
43, 32, 11, 21.5, 10.5
43, 31, 12, 21.5, 9.5
43, 30, 13, 21.5, 8.5
43, 29, 14, 21.5, 7.5
43, 28, 15, 21.5, 6.5
43, 27, 16, 21.5, 5.5
43, 26, 17, 21.5, 4.5
43, 25, 18, 21.5, 3.5
43, 24, 19, 21.5, 2.5
43, 23, 20, 21.5, 1.5
43, 22, 21, 21.5, 0.5
44, 41, 3, 22, 19
44, 39, 5, 22, 17
44, 37, 7, 22, 15
44, 35, 9, 22, 13
44, 31, 13, 22, 9
44, 29, 15, 22, 7
44, 27, 17, 22, 5
44, 25, 19, 22, 3
44, 23, 21, 22, 1
45, 43, 2, 22.5, 20.5
45, 41, 4, 22.5, 18.5
45, 38, 7, 22.5, 15.5
45, 37, 8, 22.5, 14.5
45, 34, 11, 22.5, 11.5
45, 32, 13, 22.5, 9.5
45, 31, 14, 22.5, 8.5
45, 29, 16, 22.5, 6.5
45, 28, 17, 22.5, 5.5
45, 26, 19, 22.5, 3.5
45, 23, 22, 22.5, 0.5
46, 43, 3, 23, 20
46, 41, 5, 23, 18
46, 39, 7, 23, 16
46, 37, 9, 23, 14
46, 35, 11, 23, 12
46, 33, 13, 23, 10
46, 31, 15, 23, 8
46, 29, 17, 23, 6
46, 27, 19, 23, 4
46, 25, 21, 23, 2
47, 45, 2, 23.5, 21.5
47, 44, 3, 23.5, 20.5
47, 43, 4, 23.5, 19.5
47, 42, 5, 23.5, 18.5
47, 41, 6, 23.5, 17.5
47, 40, 7, 23.5, 16.5
47, 39, 8, 23.5, 15.5
47, 38, 9, 23.5, 14.5
47, 37, 10, 23.5, 13.5
47, 36, 11, 23.5, 12.5
47, 35, 12, 23.5, 11.5
47, 34, 13, 23.5, 10.5
47, 33, 14, 23.5, 9.5
47, 32, 15, 23.5, 8.5
47, 31, 16, 23.5, 7.5
47, 30, 17, 23.5, 6.5
47, 29, 18, 23.5, 5.5
47, 28, 19, 23.5, 4.5
47, 27, 20, 23.5, 3.5
47, 26, 21, 23.5, 2.5
47, 25, 22, 23.5, 1.5
47, 24, 23, 23.5, 0.5
48, 43, 5, 24, 19
48, 41, 7, 24, 17
48, 37, 11, 24, 13
48, 35, 13, 24, 11
48, 31, 17, 24, 7
48, 29, 19, 24, 5
48, 25, 23, 24, 1
49, 47, 2, 24.5, 22.5
49, 46, 3, 24.5, 21.5
49, 45, 4, 24.5, 20.5
49, 44, 5, 24.5, 19.5
49, 43, 6, 24.5, 18.5
49, 41, 8, 24.5, 16.5
49, 40, 9, 24.5, 15.5
49, 39, 10, 24.5, 14.5
49, 38, 11, 24.5, 13.5
49, 37, 12, 24.5, 12.5
49, 36, 13, 24.5, 11.5
49, 34, 15, 24.5, 9.5
49, 33, 16, 24.5, 8.5
49, 32, 17, 24.5, 7.5
49, 31, 18, 24.5, 6.5
49, 30, 19, 24.5, 5.5
49, 29, 20, 24.5, 4.5
49, 27, 22, 24.5, 2.5
49, 26, 23, 24.5, 1.5
49, 25, 24, 24.5, 0.5
50, 47, 3, 25, 22
50, 43, 7, 25, 18
50, 41, 9, 25, 16
50, 39, 11, 25, 14
50, 37, 13, 25, 12
50, 33, 17, 25, 8
50, 31, 19, 25, 6
50, 29, 21, 25, 4
50, 27, 23, 25, 2
51, 49, 2, 25.5, 23.5
51, 47, 4, 25.5, 21.5
51, 46, 5, 25.5, 20.5
51, 44, 7, 25.5, 18.5
51, 43, 8, 25.5, 17.5
51, 41, 10, 25.5, 15.5
51, 40, 11, 25.5, 14.5
51, 38, 13, 25.5, 12.5
51, 37, 14, 25.5, 11.5
51, 35, 16, 25.5, 9.5
51, 32, 19, 25.5, 6.5
51, 31, 20, 25.5, 5.5
51, 29, 22, 25.5, 3.5
51, 28, 23, 25.5, 2.5
51, 26, 25, 25.5, 0.5
52, 49, 3, 26, 23
52, 47, 5, 26, 21
52, 45, 7, 26, 19
52, 43, 9, 26, 17
52, 41, 11, 26, 15
52, 37, 15, 26, 11
52, 35, 17, 26, 9
52, 33, 19, 26, 7
52, 31, 21, 26, 5
52, 29, 23, 26, 3
52, 27, 25, 26, 1
53, 51, 2, 26.5, 24.5
53, 50, 3, 26.5, 23.5
53, 49, 4, 26.5, 22.5
53, 48, 5, 26.5, 21.5
53, 47, 6, 26.5, 20.5
53, 46, 7, 26.5, 19.5
53, 45, 8, 26.5, 18.5
53, 44, 9, 26.5, 17.5
53, 43, 10, 26.5, 16.5
53, 42, 11, 26.5, 15.5
53, 41, 12, 26.5, 14.5
53, 40, 13, 26.5, 13.5
53, 39, 14, 26.5, 12.5
53, 38, 15, 26.5, 11.5
53, 37, 16, 26.5, 10.5
53, 36, 17, 26.5, 9.5
53, 35, 18, 26.5, 8.5
53, 34, 19, 26.5, 7.5
53, 33, 20, 26.5, 6.5
53, 32, 21, 26.5, 5.5
53, 31, 22, 26.5, 4.5
53, 30, 23, 26.5, 3.5
53, 29, 24, 26.5, 2.5
53, 28, 25, 26.5, 1.5
53, 27, 26, 26.5, 0.5
54, 49, 5, 27, 22
54, 47, 7, 27, 20
54, 43, 11, 27, 16
54, 41, 13, 27, 14
54, 37, 17, 27, 10
54, 35, 19, 27, 8
54, 31, 23, 27, 4
54, 29, 25, 27, 2
55, 53, 2, 27.5, 25.5
55, 52, 3, 27.5, 24.5
55, 51, 4, 27.5, 23.5
55, 49, 6, 27.5, 21.5
55, 48, 7, 27.5, 20.5
55, 47, 8, 27.5, 19.5
55, 46, 9, 27.5, 18.5
55, 43, 12, 27.5, 15.5
55, 42, 13, 27.5, 14.5
55, 41, 14, 27.5, 13.5
55, 39, 16, 27.5, 11.5
55, 38, 17, 27.5, 10.5
55, 37, 18, 27.5, 9.5
55, 36, 19, 27.5, 8.5
55, 34, 21, 27.5, 6.5
55, 32, 23, 27.5, 4.5
55, 31, 24, 27.5, 3.5
55, 29, 26, 27.5, 1.5
55, 28, 27, 27.5, 0.5
56, 53, 3, 28, 25
56, 51, 5, 28, 23
56, 47, 9, 28, 19
56, 45, 11, 28, 17
56, 43, 13, 28, 15
56, 41, 15, 28, 13
56, 39, 17, 28, 11
56, 37, 19, 28, 9
56, 33, 23, 28, 5
56, 31, 25, 28, 3
56, 29, 27, 28, 1
57, 55, 2, 28.5, 26.5
57, 53, 4, 28.5, 24.5
57, 52, 5, 28.5, 23.5
57, 50, 7, 28.5, 21.5
57, 49, 8, 28.5, 20.5
57, 47, 10, 28.5, 18.5
57, 46, 11, 28.5, 17.5
57, 44, 13, 28.5, 15.5
57, 43, 14, 28.5, 14.5
57, 41, 16, 28.5, 12.5
57, 40, 17, 28.5, 11.5
57, 37, 20, 28.5, 8.5
57, 35, 22, 28.5, 6.5
57, 34, 23, 28.5, 5.5
57, 32, 25, 28.5, 3.5
57, 31, 26, 28.5, 2.5
57, 29, 28, 28.5, 0.5
58, 55, 3, 29, 26
58, 53, 5, 29, 24
58, 51, 7, 29, 22
58, 49, 9, 29, 20
58, 47, 11, 29, 18
58, 45, 13, 29, 16
58, 43, 15, 29, 14
58, 41, 17, 29, 12
58, 39, 19, 29, 10
58, 37, 21, 29, 8
58, 35, 23, 29, 6
58, 33, 25, 29, 4
58, 31, 27, 29, 2
59, 57, 2, 29.5, 27.5
59, 56, 3, 29.5, 26.5
59, 55, 4, 29.5, 25.5
59, 54, 5, 29.5, 24.5
59, 53, 6, 29.5, 23.5
59, 52, 7, 29.5, 22.5
59, 51, 8, 29.5, 21.5
59, 50, 9, 29.5, 20.5
59, 49, 10, 29.5, 19.5
59, 48, 11, 29.5, 18.5
59, 47, 12, 29.5, 17.5
59, 46, 13, 29.5, 16.5
59, 45, 14, 29.5, 15.5
59, 44, 15, 29.5, 14.5
59, 43, 16, 29.5, 13.5
59, 42, 17, 29.5, 12.5
59, 41, 18, 29.5, 11.5
59, 40, 19, 29.5, 10.5
59, 39, 20, 29.5, 9.5
59, 38, 21, 29.5, 8.5
59, 37, 22, 29.5, 7.5
59, 36, 23, 29.5, 6.5
59, 35, 24, 29.5, 5.5
59, 34, 25, 29.5, 4.5
59, 33, 26, 29.5, 3.5
59, 32, 27, 29.5, 2.5
59, 31, 28, 29.5, 1.5
59, 30, 29, 29.5, 0.5
60, 53, 7, 30, 23
60, 49, 11, 30, 19
60, 47, 13, 30, 17
60, 43, 17, 30, 13
60, 41, 19, 30, 11
60, 37, 23, 30, 7
60, 31, 29, 30, 1
61, 59, 2, 30.5, 28.5
61, 58, 3, 30.5, 27.5
61, 57, 4, 30.5, 26.5
61, 56, 5, 30.5, 25.5
61, 55, 6, 30.5, 24.5
61, 54, 7, 30.5, 23.5
61, 53, 8, 30.5, 22.5
61, 52, 9, 30.5, 21.5
61, 51, 10, 30.5, 20.5
61, 50, 11, 30.5, 19.5
61, 49, 12, 30.5, 18.5
61, 48, 13, 30.5, 17.5
61, 47, 14, 30.5, 16.5
61, 46, 15, 30.5, 15.5
61, 45, 16, 30.5, 14.5
61, 44, 17, 30.5, 13.5
61, 43, 18, 30.5, 12.5
61, 42, 19, 30.5, 11.5
61, 41, 20, 30.5, 10.5
61, 40, 21, 30.5, 9.5
61, 39, 22, 30.5, 8.5
61, 38, 23, 30.5, 7.5
61, 37, 24, 30.5, 6.5
61, 36, 25, 30.5, 5.5
61, 35, 26, 30.5, 4.5
61, 34, 27, 30.5, 3.5
61, 33, 28, 30.5, 2.5
61, 32, 29, 30.5, 1.5
61, 31, 30, 30.5, 0.5
62, 59, 3, 31, 28
62, 57, 5, 31, 26
62, 55, 7, 31, 24
62, 53, 9, 31, 22
62, 51, 11, 31, 20
62, 49, 13, 31, 18
62, 47, 15, 31, 16
62, 45, 17, 31, 14
62, 43, 19, 31, 12
62, 41, 21, 31, 10
62, 39, 23, 31, 8
62, 37, 25, 31, 6
62, 35, 27, 31, 4
62, 33, 29, 31, 2
63, 61, 2, 31.5, 29.5
63, 59, 4, 31.5, 27.5
63, 58, 5, 31.5, 26.5
63, 55, 8, 31.5, 23.5
63, 53, 10, 31.5, 21.5
63, 52, 11, 31.5, 20.5
63, 50, 13, 31.5, 18.5
63, 47, 16, 31.5, 15.5
63, 46, 17, 31.5, 14.5
63, 44, 19, 31.5, 12.5
63, 43, 20, 31.5, 11.5
63, 41, 22, 31.5, 9.5
63, 40, 23, 31.5, 8.5
63, 38, 25, 31.5, 6.5
63, 37, 26, 31.5, 5.5
63, 34, 29, 31.5, 2.5
63, 32, 31, 31.5, 0.5
64, 61, 3, 32, 29
64, 59, 5, 32, 27
64, 57, 7, 32, 25
64, 55, 9, 32, 23
64, 53, 11, 32, 21
64, 51, 13, 32, 19
64, 49, 15, 32, 17
64, 47, 17, 32, 15
64, 45, 19, 32, 13
64, 43, 21, 32, 11
64, 41, 23, 32, 9
64, 39, 25, 32, 7
64, 37, 27, 32, 5
64, 35, 29, 32, 3
64, 33, 31, 32, 1
65, 63, 2, 32.5, 30.5
65, 62, 3, 32.5, 29.5
65, 61, 4, 32.5, 28.5
65, 59, 6, 32.5, 26.5
65, 58, 7, 32.5, 25.5
65, 57, 8, 32.5, 24.5
65, 56, 9, 32.5, 23.5
65, 54, 11, 32.5, 21.5
65, 53, 12, 32.5, 20.5
65, 51, 14, 32.5, 18.5
65, 49, 16, 32.5, 16.5
65, 48, 17, 32.5, 15.5
65, 47, 18, 32.5, 14.5
65, 46, 19, 32.5, 13.5
65, 44, 21, 32.5, 11.5
65, 43, 22, 32.5, 10.5
65, 42, 23, 32.5, 9.5
65, 41, 24, 32.5, 8.5
65, 38, 27, 32.5, 5.5
65, 37, 28, 32.5, 4.5
65, 36, 29, 32.5, 3.5
65, 34, 31, 32.5, 1.5
65, 33, 32, 32.5, 0.5
66, 61, 5, 33, 28
66, 59, 7, 33, 26
66, 53, 13, 33, 20
66, 49, 17, 33, 16
66, 47, 19, 33, 14
66, 43, 23, 33, 10
66, 41, 25, 33, 8
66, 37, 29, 33, 4
66, 35, 31, 33, 2
67, 65, 2, 33.5, 31.5
67, 64, 3, 33.5, 30.5
67, 63, 4, 33.5, 29.5
67, 62, 5, 33.5, 28.5
67, 61, 6, 33.5, 27.5
67, 60, 7, 33.5, 26.5
67, 59, 8, 33.5, 25.5
67, 58, 9, 33.5, 24.5
67, 57, 10, 33.5, 23.5
67, 56, 11, 33.5, 22.5
67, 55, 12, 33.5, 21.5
67, 54, 13, 33.5, 20.5
67, 53, 14, 33.5, 19.5
67, 52, 15, 33.5, 18.5
67, 51, 16, 33.5, 17.5
67, 50, 17, 33.5, 16.5
67, 49, 18, 33.5, 15.5
67, 48, 19, 33.5, 14.5
67, 47, 20, 33.5, 13.5
67, 46, 21, 33.5, 12.5
67, 45, 22, 33.5, 11.5
67, 44, 23, 33.5, 10.5
67, 43, 24, 33.5, 9.5
67, 42, 25, 33.5, 8.5
67, 41, 26, 33.5, 7.5
67, 40, 27, 33.5, 6.5
67, 39, 28, 33.5, 5.5
67, 38, 29, 33.5, 4.5
67, 37, 30, 33.5, 3.5
67, 36, 31, 33.5, 2.5
67, 35, 32, 33.5, 1.5
67, 34, 33, 33.5, 0.5
68, 65, 3, 34, 31
68, 63, 5, 34, 29
68, 61, 7, 34, 27
68, 59, 9, 34, 25
68, 57, 11, 34, 23
68, 55, 13, 34, 21
68, 53, 15, 34, 19
68, 49, 19, 34, 15
68, 47, 21, 34, 13
68, 45, 23, 34, 11
68, 43, 25, 34, 9
68, 41, 27, 34, 7
68, 39, 29, 34, 5
68, 37, 31, 34, 3
68, 35, 33, 34, 1
69, 67, 2, 34.5, 32.5
69, 65, 4, 34.5, 30.5
69, 64, 5, 34.5, 29.5
69, 62, 7, 34.5, 27.5
69, 61, 8, 34.5, 26.5
69, 59, 10, 34.5, 24.5
69, 58, 11, 34.5, 23.5
69, 56, 13, 34.5, 21.5
69, 55, 14, 34.5, 20.5
69, 53, 16, 34.5, 18.5
69, 52, 17, 34.5, 17.5
69, 50, 19, 34.5, 15.5
69, 49, 20, 34.5, 14.5
69, 47, 22, 34.5, 12.5
69, 44, 25, 34.5, 9.5
69, 43, 26, 34.5, 8.5
69, 41, 28, 34.5, 6.5
69, 40, 29, 34.5, 5.5
69, 38, 31, 34.5, 3.5
69, 37, 32, 34.5, 2.5
69, 35, 34, 34.5, 0.5
70, 67, 3, 35, 32
70, 61, 9, 35, 26
70, 59, 11, 35, 24
70, 57, 13, 35, 22
70, 53, 17, 35, 18
70, 51, 19, 35, 16
70, 47, 23, 35, 12
70, 43, 27, 35, 8
70, 41, 29, 35, 6
70, 39, 31, 35, 4
70, 37, 33, 35, 2
71, 69, 2, 35.5, 33.5
71, 68, 3, 35.5, 32.5
71, 67, 4, 35.5, 31.5
71, 66, 5, 35.5, 30.5
71, 65, 6, 35.5, 29.5
71, 64, 7, 35.5, 28.5
71, 63, 8, 35.5, 27.5
71, 62, 9, 35.5, 26.5
71, 61, 10, 35.5, 25.5
71, 60, 11, 35.5, 24.5
71, 59, 12, 35.5, 23.5
71, 58, 13, 35.5, 22.5
71, 57, 14, 35.5, 21.5
71, 56, 15, 35.5, 20.5
71, 55, 16, 35.5, 19.5
71, 54, 17, 35.5, 18.5
71, 53, 18, 35.5, 17.5
71, 52, 19, 35.5, 16.5
71, 51, 20, 35.5, 15.5
71, 50, 21, 35.5, 14.5
71, 49, 22, 35.5, 13.5
71, 48, 23, 35.5, 12.5
71, 47, 24, 35.5, 11.5
71, 46, 25, 35.5, 10.5
71, 45, 26, 35.5, 9.5
71, 44, 27, 35.5, 8.5
71, 43, 28, 35.5, 7.5
71, 42, 29, 35.5, 6.5
71, 41, 30, 35.5, 5.5
71, 40, 31, 35.5, 4.5
71, 39, 32, 35.5, 3.5
71, 38, 33, 35.5, 2.5
71, 37, 34, 35.5, 1.5
71, 36, 35, 35.5, 0.5
72, 67, 5, 36, 31
72, 65, 7, 36, 29
72, 61, 11, 36, 25
72, 59, 13, 36, 23
72, 55, 17, 36, 19
72, 53, 19, 36, 17
72, 49, 23, 36, 13
72, 47, 25, 36, 11
72, 43, 29, 36, 7
72, 41, 31, 36, 5
72, 37, 35, 36, 1
73, 71, 2, 36.5, 34.5
73, 70, 3, 36.5, 33.5
73, 69, 4, 36.5, 32.5
73, 68, 5, 36.5, 31.5
73, 67, 6, 36.5, 30.5
73, 66, 7, 36.5, 29.5
73, 65, 8, 36.5, 28.5
73, 64, 9, 36.5, 27.5
73, 63, 10, 36.5, 26.5
73, 62, 11, 36.5, 25.5
73, 61, 12, 36.5, 24.5
73, 60, 13, 36.5, 23.5
73, 59, 14, 36.5, 22.5
73, 58, 15, 36.5, 21.5
73, 57, 16, 36.5, 20.5
73, 56, 17, 36.5, 19.5
73, 55, 18, 36.5, 18.5
73, 54, 19, 36.5, 17.5
73, 53, 20, 36.5, 16.5
73, 52, 21, 36.5, 15.5
73, 51, 22, 36.5, 14.5
73, 50, 23, 36.5, 13.5
73, 49, 24, 36.5, 12.5
73, 48, 25, 36.5, 11.5
73, 47, 26, 36.5, 10.5
73, 46, 27, 36.5, 9.5
73, 45, 28, 36.5, 8.5
73, 44, 29, 36.5, 7.5
73, 43, 30, 36.5, 6.5
73, 42, 31, 36.5, 5.5
73, 41, 32, 36.5, 4.5
73, 40, 33, 36.5, 3.5
73, 39, 34, 36.5, 2.5
73, 38, 35, 36.5, 1.5
73, 37, 36, 36.5, 0.5
74, 71, 3, 37, 34
74, 69, 5, 37, 32
74, 67, 7, 37, 30
74, 65, 9, 37, 28
74, 63, 11, 37, 26
74, 61, 13, 37, 24
74, 59, 15, 37, 22
74, 57, 17, 37, 20
74, 55, 19, 37, 18
74, 53, 21, 37, 16
74, 51, 23, 37, 14
74, 49, 25, 37, 12
74, 47, 27, 37, 10
74, 45, 29, 37, 8
74, 43, 31, 37, 6
74, 41, 33, 37, 4
74, 39, 35, 37, 2
75, 73, 2, 37.5, 35.5
75, 71, 4, 37.5, 33.5
75, 68, 7, 37.5, 30.5
75, 67, 8, 37.5, 29.5
75, 64, 11, 37.5, 26.5
75, 62, 13, 37.5, 24.5
75, 61, 14, 37.5, 23.5
75, 59, 16, 37.5, 21.5
75, 58, 17, 37.5, 20.5
75, 56, 19, 37.5, 18.5
75, 53, 22, 37.5, 15.5
75, 52, 23, 37.5, 14.5
75, 49, 26, 37.5, 11.5
75, 47, 28, 37.5, 9.5
75, 46, 29, 37.5, 8.5
75, 44, 31, 37.5, 6.5
75, 43, 32, 37.5, 5.5
75, 41, 34, 37.5, 3.5
75, 38, 37, 37.5, 0.5
76, 73, 3, 38, 35
76, 71, 5, 38, 33
76, 69, 7, 38, 31
76, 67, 9, 38, 29
76, 65, 11, 38, 27
76, 63, 13, 38, 25
76, 61, 15, 38, 23
76, 59, 17, 38, 21
76, 55, 21, 38, 17
76, 53, 23, 38, 15
76, 51, 25, 38, 13
76, 49, 27, 38, 11
76, 47, 29, 38, 9
76, 45, 31, 38, 7
76, 43, 33, 38, 5
76, 41, 35, 38, 3
76, 39, 37, 38, 1
77, 75, 2, 38.5, 36.5
77, 74, 3, 38.5, 35.5
77, 73, 4, 38.5, 34.5
77, 72, 5, 38.5, 33.5
77, 71, 6, 38.5, 32.5
77, 69, 8, 38.5, 30.5
77, 68, 9, 38.5, 29.5
77, 67, 10, 38.5, 28.5
77, 65, 12, 38.5, 26.5
77, 64, 13, 38.5, 25.5
77, 62, 15, 38.5, 23.5
77, 61, 16, 38.5, 22.5
77, 60, 17, 38.5, 21.5
77, 59, 18, 38.5, 20.5
77, 58, 19, 38.5, 19.5
77, 57, 20, 38.5, 18.5
77, 54, 23, 38.5, 15.5
77, 53, 24, 38.5, 14.5
77, 52, 25, 38.5, 13.5
77, 51, 26, 38.5, 12.5
77, 50, 27, 38.5, 11.5
77, 48, 29, 38.5, 9.5
77, 47, 30, 38.5, 8.5
77, 46, 31, 38.5, 7.5
77, 45, 32, 38.5, 6.5
77, 43, 34, 38.5, 4.5
77, 41, 36, 38.5, 2.5
77, 40, 37, 38.5, 1.5
77, 39, 38, 38.5, 0.5
78, 73, 5, 39, 34
78, 71, 7, 39, 32
78, 67, 11, 39, 28
78, 61, 17, 39, 22
78, 59, 19, 39, 20
78, 55, 23, 39, 16
78, 53, 25, 39, 14
78, 49, 29, 39, 10
78, 47, 31, 39, 8
78, 43, 35, 39, 4
78, 41, 37, 39, 2
79, 77, 2, 39.5, 37.5
79, 76, 3, 39.5, 36.5
79, 75, 4, 39.5, 35.5
79, 74, 5, 39.5, 34.5
79, 73, 6, 39.5, 33.5
79, 72, 7, 39.5, 32.5
79, 71, 8, 39.5, 31.5
79, 70, 9, 39.5, 30.5
79, 69, 10, 39.5, 29.5
79, 68, 11, 39.5, 28.5
79, 67, 12, 39.5, 27.5
79, 66, 13, 39.5, 26.5
79, 65, 14, 39.5, 25.5
79, 64, 15, 39.5, 24.5
79, 63, 16, 39.5, 23.5
79, 62, 17, 39.5, 22.5
79, 61, 18, 39.5, 21.5
79, 60, 19, 39.5, 20.5
79, 59, 20, 39.5, 19.5
79, 58, 21, 39.5, 18.5
79, 57, 22, 39.5, 17.5
79, 56, 23, 39.5, 16.5
79, 55, 24, 39.5, 15.5
79, 54, 25, 39.5, 14.5
79, 53, 26, 39.5, 13.5
79, 52, 27, 39.5, 12.5
79, 51, 28, 39.5, 11.5
79, 50, 29, 39.5, 10.5
79, 49, 30, 39.5, 9.5
79, 48, 31, 39.5, 8.5
79, 47, 32, 39.5, 7.5
79, 46, 33, 39.5, 6.5
79, 45, 34, 39.5, 5.5
79, 44, 35, 39.5, 4.5
79, 43, 36, 39.5, 3.5
79, 42, 37, 39.5, 2.5
79, 41, 38, 39.5, 1.5
79, 40, 39, 39.5, 0.5
80, 77, 3, 40, 37
80, 73, 7, 40, 33
80, 71, 9, 40, 31
80, 69, 11, 40, 29
80, 67, 13, 40, 27
80, 63, 17, 40, 23
80, 61, 19, 40, 21
80, 59, 21, 40, 19
80, 57, 23, 40, 17
80, 53, 27, 40, 13
80, 51, 29, 40, 11
80, 49, 31, 40, 9
80, 47, 33, 40, 7
80, 43, 37, 40, 3
80, 41, 39, 40, 1
81, 79, 2, 40.5, 38.5
81, 77, 4, 40.5, 36.5
81, 76, 5, 40.5, 35.5
81, 74, 7, 40.5, 33.5
81, 73, 8, 40.5, 32.5
81, 71, 10, 40.5, 30.5
81, 70, 11, 40.5, 29.5
81, 68, 13, 40.5, 27.5
81, 67, 14, 40.5, 26.5
81, 65, 16, 40.5, 24.5
81, 64, 17, 40.5, 23.5
81, 62, 19, 40.5, 21.5
81, 61, 20, 40.5, 20.5
81, 59, 22, 40.5, 18.5
81, 58, 23, 40.5, 17.5
81, 56, 25, 40.5, 15.5
81, 55, 26, 40.5, 14.5
81, 53, 28, 40.5, 12.5
81, 52, 29, 40.5, 11.5
81, 50, 31, 40.5, 9.5
81, 49, 32, 40.5, 8.5
81, 47, 34, 40.5, 6.5
81, 46, 35, 40.5, 5.5
81, 44, 37, 40.5, 3.5
81, 43, 38, 40.5, 2.5
81, 41, 40, 40.5, 0.5
82, 79, 3, 41, 38
82, 77, 5, 41, 36
82, 75, 7, 41, 34
82, 73, 9, 41, 32
82, 71, 11, 41, 30
82, 69, 13, 41, 28
82, 67, 15, 41, 26
82, 65, 17, 41, 24
82, 63, 19, 41, 22
82, 61, 21, 41, 20
82, 59, 23, 41, 18
82, 57, 25, 41, 16
82, 55, 27, 41, 14
82, 53, 29, 41, 12
82, 51, 31, 41, 10
82, 49, 33, 41, 8
82, 47, 35, 41, 6
82, 45, 37, 41, 4
82, 43, 39, 41, 2
83, 81, 2, 41.5, 39.5
83, 80, 3, 41.5, 38.5
83, 79, 4, 41.5, 37.5
83, 78, 5, 41.5, 36.5
83, 77, 6, 41.5, 35.5
83, 76, 7, 41.5, 34.5
83, 75, 8, 41.5, 33.5
83, 74, 9, 41.5, 32.5
83, 73, 10, 41.5, 31.5
83, 72, 11, 41.5, 30.5
83, 71, 12, 41.5, 29.5
83, 70, 13, 41.5, 28.5
83, 69, 14, 41.5, 27.5
83, 68, 15, 41.5, 26.5
83, 67, 16, 41.5, 25.5
83, 66, 17, 41.5, 24.5
83, 65, 18, 41.5, 23.5
83, 64, 19, 41.5, 22.5
83, 63, 20, 41.5, 21.5
83, 62, 21, 41.5, 20.5
83, 61, 22, 41.5, 19.5
83, 60, 23, 41.5, 18.5
83, 59, 24, 41.5, 17.5
83, 58, 25, 41.5, 16.5
83, 57, 26, 41.5, 15.5
83, 56, 27, 41.5, 14.5
83, 55, 28, 41.5, 13.5
83, 54, 29, 41.5, 12.5
83, 53, 30, 41.5, 11.5
83, 52, 31, 41.5, 10.5
83, 51, 32, 41.5, 9.5
83, 50, 33, 41.5, 8.5
83, 49, 34, 41.5, 7.5
83, 48, 35, 41.5, 6.5
83, 47, 36, 41.5, 5.5
83, 46, 37, 41.5, 4.5
83, 45, 38, 41.5, 3.5
83, 44, 39, 41.5, 2.5
83, 43, 40, 41.5, 1.5
83, 42, 41, 41.5, 0.5
84, 79, 5, 42, 37
84, 73, 11, 42, 31
84, 71, 13, 42, 29
84, 67, 17, 42, 25
84, 65, 19, 42, 23
84, 61, 23, 42, 19
84, 59, 25, 42, 17
84, 55, 29, 42, 13
84, 53, 31, 42, 11
84, 47, 37, 42, 5
84, 43, 41, 42, 1
85, 83, 2, 42.5, 40.5
85, 82, 3, 42.5, 39.5
85, 81, 4, 42.5, 38.5
85, 79, 6, 42.5, 36.5
85, 78, 7, 42.5, 35.5
85, 77, 8, 42.5, 34.5
85, 76, 9, 42.5, 33.5
85, 74, 11, 42.5, 31.5
85, 73, 12, 42.5, 30.5
85, 72, 13, 42.5, 29.5
85, 71, 14, 42.5, 28.5
85, 69, 16, 42.5, 26.5
85, 67, 18, 42.5, 24.5
85, 66, 19, 42.5, 23.5
85, 64, 21, 42.5, 21.5
85, 63, 22, 42.5, 20.5
85, 62, 23, 42.5, 19.5
85, 61, 24, 42.5, 18.5
85, 59, 26, 42.5, 16.5
85, 58, 27, 42.5, 15.5
85, 57, 28, 42.5, 14.5
85, 56, 29, 42.5, 13.5
85, 54, 31, 42.5, 11.5
85, 53, 32, 42.5, 10.5
85, 52, 33, 42.5, 9.5
85, 49, 36, 42.5, 6.5
85, 48, 37, 42.5, 5.5
85, 47, 38, 42.5, 4.5
85, 46, 39, 42.5, 3.5
85, 44, 41, 42.5, 1.5
85, 43, 42, 42.5, 0.5
86, 83, 3, 43, 40
86, 81, 5, 43, 38
86, 79, 7, 43, 36
86, 77, 9, 43, 34
86, 75, 11, 43, 32
86, 73, 13, 43, 30
86, 71, 15, 43, 28
86, 69, 17, 43, 26
86, 67, 19, 43, 24
86, 65, 21, 43, 22
86, 63, 23, 43, 20
86, 61, 25, 43, 18
86, 59, 27, 43, 16
86, 57, 29, 43, 14
86, 55, 31, 43, 12
86, 53, 33, 43, 10
86, 51, 35, 43, 8
86, 49, 37, 43, 6
86, 47, 39, 43, 4
86, 45, 41, 43, 2
87, 85, 2, 43.5, 41.5
87, 83, 4, 43.5, 39.5
87, 82, 5, 43.5, 38.5
87, 80, 7, 43.5, 36.5
87, 79, 8, 43.5, 35.5
87, 77, 10, 43.5, 33.5
87, 76, 11, 43.5, 32.5
87, 74, 13, 43.5, 30.5
87, 73, 14, 43.5, 29.5
87, 71, 16, 43.5, 27.5
87, 70, 17, 43.5, 26.5
87, 68, 19, 43.5, 24.5
87, 67, 20, 43.5, 23.5
87, 65, 22, 43.5, 21.5
87, 64, 23, 43.5, 20.5
87, 62, 25, 43.5, 18.5
87, 61, 26, 43.5, 17.5
87, 59, 28, 43.5, 15.5
87, 56, 31, 43.5, 12.5
87, 55, 32, 43.5, 11.5
87, 53, 34, 43.5, 9.5
87, 52, 35, 43.5, 8.5
87, 50, 37, 43.5, 6.5
87, 49, 38, 43.5, 5.5
87, 47, 40, 43.5, 3.5
87, 46, 41, 43.5, 2.5
87, 44, 43, 43.5, 0.5
88, 85, 3, 44, 41
88, 83, 5, 44, 39
88, 81, 7, 44, 37
88, 79, 9, 44, 35
88, 75, 13, 44, 31
88, 73, 15, 44, 29
88, 71, 17, 44, 27
88, 69, 19, 44, 25
88, 67, 21, 44, 23
88, 65, 23, 44, 21
88, 63, 25, 44, 19
88, 61, 27, 44, 17
88, 59, 29, 44, 15
88, 57, 31, 44, 13
88, 53, 35, 44, 9
88, 51, 37, 44, 7
88, 49, 39, 44, 5
88, 47, 41, 44, 3
88, 45, 43, 44, 1
89, 87, 2, 44.5, 42.5
89, 86, 3, 44.5, 41.5
89, 85, 4, 44.5, 40.5
89, 84, 5, 44.5, 39.5
89, 83, 6, 44.5, 38.5
89, 82, 7, 44.5, 37.5
89, 81, 8, 44.5, 36.5
89, 80, 9, 44.5, 35.5
89, 79, 10, 44.5, 34.5
89, 78, 11, 44.5, 33.5
89, 77, 12, 44.5, 32.5
89, 76, 13, 44.5, 31.5
89, 75, 14, 44.5, 30.5
89, 74, 15, 44.5, 29.5
89, 73, 16, 44.5, 28.5
89, 72, 17, 44.5, 27.5
89, 71, 18, 44.5, 26.5
89, 70, 19, 44.5, 25.5
89, 69, 20, 44.5, 24.5
89, 68, 21, 44.5, 23.5
89, 67, 22, 44.5, 22.5
89, 66, 23, 44.5, 21.5
89, 65, 24, 44.5, 20.5
89, 64, 25, 44.5, 19.5
89, 63, 26, 44.5, 18.5
89, 62, 27, 44.5, 17.5
89, 61, 28, 44.5, 16.5
89, 60, 29, 44.5, 15.5
89, 59, 30, 44.5, 14.5
89, 58, 31, 44.5, 13.5
89, 57, 32, 44.5, 12.5
89, 56, 33, 44.5, 11.5
89, 55, 34, 44.5, 10.5
89, 54, 35, 44.5, 9.5
89, 53, 36, 44.5, 8.5
89, 52, 37, 44.5, 7.5
89, 51, 38, 44.5, 6.5
89, 50, 39, 44.5, 5.5
89, 49, 40, 44.5, 4.5
89, 48, 41, 44.5, 3.5
89, 47, 42, 44.5, 2.5
89, 46, 43, 44.5, 1.5
89, 45, 44, 44.5, 0.5
90, 83, 7, 45, 38
90, 79, 11, 45, 34
90, 77, 13, 45, 32
90, 73, 17, 45, 28
90, 71, 19, 45, 26
90, 67, 23, 45, 22
90, 61, 29, 45, 16
90, 59, 31, 45, 14
90, 53, 37, 45, 8
90, 49, 41, 45, 4
90, 47, 43, 45, 2
91, 89, 2, 45.5, 43.5
91, 88, 3, 45.5, 42.5
91, 87, 4, 45.5, 41.5
91, 86, 5, 45.5, 40.5
91, 85, 6, 45.5, 39.5
91, 83, 8, 45.5, 37.5
91, 82, 9, 45.5, 36.5
91, 81, 10, 45.5, 35.5
91, 80, 11, 45.5, 34.5
91, 79, 12, 45.5, 33.5
91, 76, 15, 45.5, 30.5
91, 75, 16, 45.5, 29.5
91, 74, 17, 45.5, 28.5
91, 73, 18, 45.5, 27.5
91, 72, 19, 45.5, 26.5
91, 71, 20, 45.5, 25.5
91, 69, 22, 45.5, 23.5
91, 68, 23, 45.5, 22.5
91, 67, 24, 45.5, 21.5
91, 66, 25, 45.5, 20.5
91, 64, 27, 45.5, 18.5
91, 62, 29, 45.5, 16.5
91, 61, 30, 45.5, 15.5
91, 60, 31, 45.5, 14.5
91, 59, 32, 45.5, 13.5
91, 58, 33, 45.5, 12.5
91, 57, 34, 45.5, 11.5
91, 55, 36, 45.5, 9.5
91, 54, 37, 45.5, 8.5
91, 53, 38, 45.5, 7.5
91, 51, 40, 45.5, 5.5
91, 50, 41, 45.5, 4.5
91, 48, 43, 45.5, 2.5
91, 47, 44, 45.5, 1.5
91, 46, 45, 45.5, 0.5
92, 89, 3, 46, 43
92, 87, 5, 46, 41
92, 85, 7, 46, 39
92, 83, 9, 46, 37
92, 81, 11, 46, 35
92, 79, 13, 46, 33
92, 77, 15, 46, 31
92, 75, 17, 46, 29
92, 73, 19, 46, 27
92, 71, 21, 46, 25
92, 67, 25, 46, 21
92, 65, 27, 46, 19
92, 63, 29, 46, 17
92, 61, 31, 46, 15
92, 59, 33, 46, 13
92, 57, 35, 46, 11
92, 55, 37, 46, 9
92, 53, 39, 46, 7
92, 51, 41, 46, 5
92, 49, 43, 46, 3
92, 47, 45, 46, 1
93, 91, 2, 46.5, 44.5
93, 89, 4, 46.5, 42.5
93, 88, 5, 46.5, 41.5
93, 86, 7, 46.5, 39.5
93, 85, 8, 46.5, 38.5
93, 83, 10, 46.5, 36.5
93, 82, 11, 46.5, 35.5
93, 80, 13, 46.5, 33.5
93, 79, 14, 46.5, 32.5
93, 77, 16, 46.5, 30.5
93, 76, 17, 46.5, 29.5
93, 74, 19, 46.5, 27.5
93, 73, 20, 46.5, 26.5
93, 71, 22, 46.5, 24.5
93, 70, 23, 46.5, 23.5
93, 68, 25, 46.5, 21.5
93, 67, 26, 46.5, 20.5
93, 65, 28, 46.5, 18.5
93, 64, 29, 46.5, 17.5
93, 61, 32, 46.5, 14.5
93, 59, 34, 46.5, 12.5
93, 58, 35, 46.5, 11.5
93, 56, 37, 46.5, 9.5
93, 55, 38, 46.5, 8.5
93, 53, 40, 46.5, 6.5
93, 52, 41, 46.5, 5.5
93, 50, 43, 46.5, 3.5
93, 49, 44, 46.5, 2.5
93, 47, 46, 46.5, 0.5
94, 91, 3, 47, 44
94, 89, 5, 47, 42
94, 87, 7, 47, 40
94, 85, 9, 47, 38
94, 83, 11, 47, 36
94, 81, 13, 47, 34
94, 79, 15, 47, 32
94, 77, 17, 47, 30
94, 75, 19, 47, 28
94, 73, 21, 47, 26
94, 71, 23, 47, 24
94, 69, 25, 47, 22
94, 67, 27, 47, 20
94, 65, 29, 47, 18
94, 63, 31, 47, 16
94, 61, 33, 47, 14
94, 59, 35, 47, 12
94, 57, 37, 47, 10
94, 55, 39, 47, 8
94, 53, 41, 47, 6
94, 51, 43, 47, 4
94, 49, 45, 47, 2
95, 93, 2, 47.5, 45.5
95, 92, 3, 47.5, 44.5
95, 91, 4, 47.5, 43.5
95, 89, 6, 47.5, 41.5
95, 88, 7, 47.5, 40.5
95, 87, 8, 47.5, 39.5
95, 86, 9, 47.5, 38.5
95, 84, 11, 47.5, 36.5
95, 83, 12, 47.5, 35.5
95, 82, 13, 47.5, 34.5
95, 81, 14, 47.5, 33.5
95, 79, 16, 47.5, 31.5
95, 78, 17, 47.5, 30.5
95, 77, 18, 47.5, 29.5
95, 74, 21, 47.5, 26.5
95, 73, 22, 47.5, 25.5
95, 72, 23, 47.5, 24.5
95, 71, 24, 47.5, 23.5
95, 69, 26, 47.5, 21.5
95, 68, 27, 47.5, 20.5
95, 67, 28, 47.5, 19.5
95, 66, 29, 47.5, 18.5
95, 64, 31, 47.5, 16.5
95, 63, 32, 47.5, 15.5
95, 62, 33, 47.5, 14.5
95, 61, 34, 47.5, 13.5
95, 59, 36, 47.5, 11.5
95, 58, 37, 47.5, 10.5
95, 56, 39, 47.5, 8.5
95, 54, 41, 47.5, 6.5
95, 53, 42, 47.5, 5.5
95, 52, 43, 47.5, 4.5
95, 51, 44, 47.5, 3.5
95, 49, 46, 47.5, 1.5
95, 48, 47, 47.5, 0.5
96, 91, 5, 48, 43
96, 89, 7, 48, 41
96, 85, 11, 48, 37
96, 83, 13, 48, 35
96, 79, 17, 48, 31
96, 77, 19, 48, 29
96, 73, 23, 48, 25
96, 71, 25, 48, 23
96, 67, 29, 48, 19
96, 65, 31, 48, 17
96, 61, 35, 48, 13
96, 59, 37, 48, 11
96, 55, 41, 48, 7
96, 53, 43, 48, 5
96, 49, 47, 48, 1
97, 95, 2, 48.5, 46.5
97, 94, 3, 48.5, 45.5
97, 93, 4, 48.5, 44.5
97, 92, 5, 48.5, 43.5
97, 91, 6, 48.5, 42.5
97, 90, 7, 48.5, 41.5
97, 89, 8, 48.5, 40.5
97, 88, 9, 48.5, 39.5
97, 87, 10, 48.5, 38.5
97, 86, 11, 48.5, 37.5
97, 85, 12, 48.5, 36.5
97, 84, 13, 48.5, 35.5
97, 83, 14, 48.5, 34.5
97, 82, 15, 48.5, 33.5
97, 81, 16, 48.5, 32.5
97, 80, 17, 48.5, 31.5
97, 79, 18, 48.5, 30.5
97, 78, 19, 48.5, 29.5
97, 77, 20, 48.5, 28.5
97, 76, 21, 48.5, 27.5
97, 75, 22, 48.5, 26.5
97, 74, 23, 48.5, 25.5
97, 73, 24, 48.5, 24.5
97, 72, 25, 48.5, 23.5
97, 71, 26, 48.5, 22.5
97, 70, 27, 48.5, 21.5
97, 69, 28, 48.5, 20.5
97, 68, 29, 48.5, 19.5
97, 67, 30, 48.5, 18.5
97, 66, 31, 48.5, 17.5
97, 65, 32, 48.5, 16.5
97, 64, 33, 48.5, 15.5
97, 63, 34, 48.5, 14.5
97, 62, 35, 48.5, 13.5
97, 61, 36, 48.5, 12.5
97, 60, 37, 48.5, 11.5
97, 59, 38, 48.5, 10.5
97, 58, 39, 48.5, 9.5
97, 57, 40, 48.5, 8.5
97, 56, 41, 48.5, 7.5
97, 55, 42, 48.5, 6.5
97, 54, 43, 48.5, 5.5
97, 53, 44, 48.5, 4.5
97, 52, 45, 48.5, 3.5
97, 51, 46, 48.5, 2.5
97, 50, 47, 48.5, 1.5
97, 49, 48, 48.5, 0.5
98, 95, 3, 49, 46
98, 93, 5, 49, 44
98, 89, 9, 49, 40
98, 87, 11, 49, 38
98, 85, 13, 49, 36
98, 83, 15, 49, 34
98, 81, 17, 49, 32
98, 79, 19, 49, 30
98, 75, 23, 49, 26
98, 73, 25, 49, 24
98, 71, 27, 49, 22
98, 69, 29, 49, 20
98, 67, 31, 49, 18
98, 65, 33, 49, 16
98, 61, 37, 49, 12
98, 59, 39, 49, 10
98, 57, 41, 49, 8
98, 55, 43, 49, 6
98, 53, 45, 49, 4
98, 51, 47, 49, 2
99, 97, 2, 49.5, 47.5
99, 95, 4, 49.5, 45.5
99, 94, 5, 49.5, 44.5
99, 92, 7, 49.5, 42.5
99, 91, 8, 49.5, 41.5
99, 89, 10, 49.5, 39.5
99, 86, 13, 49.5, 36.5
99, 85, 14, 49.5, 35.5
99, 83, 16, 49.5, 33.5
99, 82, 17, 49.5, 32.5
99, 80, 19, 49.5, 30.5
99, 79, 20, 49.5, 29.5
99, 76, 23, 49.5, 26.5
99, 74, 25, 49.5, 24.5
99, 73, 26, 49.5, 23.5
99, 71, 28, 49.5, 21.5
99, 70, 29, 49.5, 20.5
99, 68, 31, 49.5, 18.5
99, 67, 32, 49.5, 17.5
99, 65, 34, 49.5, 15.5
99, 64, 35, 49.5, 14.5
99, 62, 37, 49.5, 12.5
99, 61, 38, 49.5, 11.5
99, 59, 40, 49.5, 9.5
99, 58, 41, 49.5, 8.5
99, 56, 43, 49.5, 6.5
99, 53, 46, 49.5, 3.5
99, 52, 47, 49.5, 2.5
99, 50, 49, 49.5, 0.5
100, 97, 3, 50, 47
100, 93, 7, 50, 43
100, 91, 9, 50, 41
100, 89, 11, 50, 39
100, 87, 13, 50, 37
100, 83, 17, 50, 33
100, 81, 19, 50, 31
100, 79, 21, 50, 29
100, 77, 23, 50, 27
100, 73, 27, 50, 23
100, 71, 29, 50, 21
100, 69, 31, 50, 19
100, 67, 33, 50, 17
100, 63, 37, 50, 13
100, 61, 39, 50, 11
100, 59, 41, 50, 9
100, 57, 43, 50, 7
100, 53, 47, 50, 3
100, 51, 49, 50, 1
101, 99, 2, 50.5, 48.5
101, 98, 3, 50.5, 47.5
101, 97, 4, 50.5, 46.5
101, 96, 5, 50.5, 45.5
101, 95, 6, 50.5, 44.5
101, 94, 7, 50.5, 43.5
101, 93, 8, 50.5, 42.5
101, 92, 9, 50.5, 41.5
101, 91, 10, 50.5, 40.5
101, 90, 11, 50.5, 39.5
101, 89, 12, 50.5, 38.5
101, 88, 13, 50.5, 37.5
101, 87, 14, 50.5, 36.5
101, 86, 15, 50.5, 35.5
101, 85, 16, 50.5, 34.5
101, 84, 17, 50.5, 33.5
101, 83, 18, 50.5, 32.5
101, 82, 19, 50.5, 31.5
101, 81, 20, 50.5, 30.5
101, 80, 21, 50.5, 29.5
101, 79, 22, 50.5, 28.5
101, 78, 23, 50.5, 27.5
101, 77, 24, 50.5, 26.5
101, 76, 25, 50.5, 25.5
101, 75, 26, 50.5, 24.5
101, 74, 27, 50.5, 23.5
101, 73, 28, 50.5, 22.5
101, 72, 29, 50.5, 21.5
101, 71, 30, 50.5, 20.5
101, 70, 31, 50.5, 19.5
101, 69, 32, 50.5, 18.5
101, 68, 33, 50.5, 17.5
101, 67, 34, 50.5, 16.5
101, 66, 35, 50.5, 15.5
101, 65, 36, 50.5, 14.5
101, 64, 37, 50.5, 13.5
101, 63, 38, 50.5, 12.5
101, 62, 39, 50.5, 11.5
101, 61, 40, 50.5, 10.5
101, 60, 41, 50.5, 9.5
101, 59, 42, 50.5, 8.5
101, 58, 43, 50.5, 7.5
101, 57, 44, 50.5, 6.5
101, 56, 45, 50.5, 5.5
101, 55, 46, 50.5, 4.5
101, 54, 47, 50.5, 3.5
101, 53, 48, 50.5, 2.5
101, 52, 49, 50.5, 1.5
101, 51, 50, 50.5, 0.5
102, 97, 5, 51, 46
102, 95, 7, 51, 44
102, 91, 11, 51, 40
102, 89, 13, 51, 38
102, 83, 19, 51, 32
102, 79, 23, 51, 28
102, 77, 25, 51, 26
102, 73, 29, 51, 22
102, 71, 31, 51, 20
102, 67, 35, 51, 16
102, 65, 37, 51, 14
102, 61, 41, 51, 10
102, 59, 43, 51, 8
102, 55, 47, 51, 4
102, 53, 49, 51, 2
103, 101, 2, 51.5, 49.5
103, 100, 3, 51.5, 48.5
103, 99, 4, 51.5, 47.5
103, 98, 5, 51.5, 46.5
103, 97, 6, 51.5, 45.5
103, 96, 7, 51.5, 44.5
103, 95, 8, 51.5, 43.5
103, 94, 9, 51.5, 42.5
103, 93, 10, 51.5, 41.5
103, 92, 11, 51.5, 40.5
103, 91, 12, 51.5, 39.5
103, 90, 13, 51.5, 38.5
103, 89, 14, 51.5, 37.5
103, 88, 15, 51.5, 36.5
103, 87, 16, 51.5, 35.5
103, 86, 17, 51.5, 34.5
103, 85, 18, 51.5, 33.5
103, 84, 19, 51.5, 32.5
103, 83, 20, 51.5, 31.5
103, 82, 21, 51.5, 30.5
103, 81, 22, 51.5, 29.5
103, 80, 23, 51.5, 28.5
103, 79, 24, 51.5, 27.5
103, 78, 25, 51.5, 26.5
103, 77, 26, 51.5, 25.5
103, 76, 27, 51.5, 24.5
103, 75, 28, 51.5, 23.5
103, 74, 29, 51.5, 22.5
103, 73, 30, 51.5, 21.5
103, 72, 31, 51.5, 20.5
103, 71, 32, 51.5, 19.5
103, 70, 33, 51.5, 18.5
103, 69, 34, 51.5, 17.5
103, 68, 35, 51.5, 16.5
103, 67, 36, 51.5, 15.5
103, 66, 37, 51.5, 14.5
103, 65, 38, 51.5, 13.5
103, 64, 39, 51.5, 12.5
103, 63, 40, 51.5, 11.5
103, 62, 41, 51.5, 10.5
103, 61, 42, 51.5, 9.5
103, 60, 43, 51.5, 8.5
103, 59, 44, 51.5, 7.5
103, 58, 45, 51.5, 6.5
103, 57, 46, 51.5, 5.5
103, 56, 47, 51.5, 4.5
103, 55, 48, 51.5, 3.5
103, 54, 49, 51.5, 2.5
103, 53, 50, 51.5, 1.5
103, 52, 51, 51.5, 0.5
104, 101, 3, 52, 49
104, 99, 5, 52, 47
104, 97, 7, 52, 45
104, 95, 9, 52, 43
104, 93, 11, 52, 41
104, 89, 15, 52, 37
104, 87, 17, 52, 35
104, 85, 19, 52, 33
104, 83, 21, 52, 31
104, 81, 23, 52, 29
104, 79, 25, 52, 27
104, 77, 27, 52, 25
104, 75, 29, 52, 23
104, 73, 31, 52, 21
104, 71, 33, 52, 19
104, 69, 35, 52, 17
104, 67, 37, 52, 15
104, 63, 41, 52, 11
104, 61, 43, 52, 9
104, 59, 45, 52, 7
104, 57, 47, 52, 5
104, 55, 49, 52, 3
104, 53, 51, 52, 1
105, 103, 2, 52.5, 50.5
105, 101, 4, 52.5, 48.5
105, 97, 8, 52.5, 44.5
105, 94, 11, 52.5, 41.5
105, 92, 13, 52.5, 39.5
105, 89, 16, 52.5, 36.5
105, 88, 17, 52.5, 35.5
105, 86, 19, 52.5, 33.5
105, 83, 22, 52.5, 30.5
105, 82, 23, 52.5, 29.5
105, 79, 26, 52.5, 26.5
105, 76, 29, 52.5, 23.5
105, 74, 31, 52.5, 21.5
105, 73, 32, 52.5, 20.5
105, 71, 34, 52.5, 18.5
105, 68, 37, 52.5, 15.5
105, 67, 38, 52.5, 14.5
105, 64, 41, 52.5, 11.5
105, 62, 43, 52.5, 9.5
105, 61, 44, 52.5, 8.5
105, 59, 46, 52.5, 6.5
105, 58, 47, 52.5, 5.5
105, 53, 52, 52.5, 0.5
106, 103, 3, 53, 50
106, 101, 5, 53, 48
106, 99, 7, 53, 46
106, 97, 9, 53, 44
106, 95, 11, 53, 42
106, 93, 13, 53, 40
106, 91, 15, 53, 38
106, 89, 17, 53, 36
106, 87, 19, 53, 34
106, 85, 21, 53, 32
106, 83, 23, 53, 30
106, 81, 25, 53, 28
106, 79, 27, 53, 26
106, 77, 29, 53, 24
106, 75, 31, 53, 22
106, 73, 33, 53, 20
106, 71, 35, 53, 18
106, 69, 37, 53, 16
106, 67, 39, 53, 14
106, 65, 41, 53, 12
106, 63, 43, 53, 10
106, 61, 45, 53, 8
106, 59, 47, 53, 6
106, 57, 49, 53, 4
106, 55, 51, 53, 2
107, 105, 2, 53.5, 51.5
107, 104, 3, 53.5, 50.5
107, 103, 4, 53.5, 49.5
107, 102, 5, 53.5, 48.5
107, 101, 6, 53.5, 47.5
107, 100, 7, 53.5, 46.5
107, 99, 8, 53.5, 45.5
107, 98, 9, 53.5, 44.5
107, 97, 10, 53.5, 43.5
107, 96, 11, 53.5, 42.5
107, 95, 12, 53.5, 41.5
107, 94, 13, 53.5, 40.5
107, 93, 14, 53.5, 39.5
107, 92, 15, 53.5, 38.5
107, 91, 16, 53.5, 37.5
107, 90, 17, 53.5, 36.5
107, 89, 18, 53.5, 35.5
107, 88, 19, 53.5, 34.5
107, 87, 20, 53.5, 33.5
107, 86, 21, 53.5, 32.5
107, 85, 22, 53.5, 31.5
107, 84, 23, 53.5, 30.5
107, 83, 24, 53.5, 29.5
107, 82, 25, 53.5, 28.5
107, 81, 26, 53.5, 27.5
107, 80, 27, 53.5, 26.5
107, 79, 28, 53.5, 25.5
107, 78, 29, 53.5, 24.5
107, 77, 30, 53.5, 23.5
107, 76, 31, 53.5, 22.5
107, 75, 32, 53.5, 21.5
107, 74, 33, 53.5, 20.5
107, 73, 34, 53.5, 19.5
107, 72, 35, 53.5, 18.5
107, 71, 36, 53.5, 17.5
107, 70, 37, 53.5, 16.5
107, 69, 38, 53.5, 15.5
107, 68, 39, 53.5, 14.5
107, 67, 40, 53.5, 13.5
107, 66, 41, 53.5, 12.5
107, 65, 42, 53.5, 11.5
107, 64, 43, 53.5, 10.5
107, 63, 44, 53.5, 9.5
107, 62, 45, 53.5, 8.5
107, 61, 46, 53.5, 7.5
107, 60, 47, 53.5, 6.5
107, 59, 48, 53.5, 5.5
107, 58, 49, 53.5, 4.5
107, 57, 50, 53.5, 3.5
107, 56, 51, 53.5, 2.5
107, 55, 52, 53.5, 1.5
107, 54, 53, 53.5, 0.5
108, 103, 5, 54, 49
108, 101, 7, 54, 47
108, 97, 11, 54, 43
108, 95, 13, 54, 41
108, 91, 17, 54, 37
108, 89, 19, 54, 35
108, 85, 23, 54, 31
108, 83, 25, 54, 29
108, 79, 29, 54, 25
108, 77, 31, 54, 23
108, 73, 35, 54, 19
108, 71, 37, 54, 17
108, 67, 41, 54, 13
108, 65, 43, 54, 11
108, 61, 47, 54, 7
108, 59, 49, 54, 5
108, 55, 53, 54, 1
109, 107, 2, 54.5, 52.5
109, 106, 3, 54.5, 51.5
109, 105, 4, 54.5, 50.5
109, 104, 5, 54.5, 49.5
109, 103, 6, 54.5, 48.5
109, 102, 7, 54.5, 47.5
109, 101, 8, 54.5, 46.5
109, 100, 9, 54.5, 45.5
109, 99, 10, 54.5, 44.5
109, 98, 11, 54.5, 43.5
109, 97, 12, 54.5, 42.5
109, 96, 13, 54.5, 41.5
109, 95, 14, 54.5, 40.5
109, 94, 15, 54.5, 39.5
109, 93, 16, 54.5, 38.5
109, 92, 17, 54.5, 37.5
109, 91, 18, 54.5, 36.5
109, 90, 19, 54.5, 35.5
109, 89, 20, 54.5, 34.5
109, 88, 21, 54.5, 33.5
109, 87, 22, 54.5, 32.5
109, 86, 23, 54.5, 31.5
109, 85, 24, 54.5, 30.5
109, 84, 25, 54.5, 29.5
109, 83, 26, 54.5, 28.5
109, 82, 27, 54.5, 27.5
109, 81, 28, 54.5, 26.5
109, 80, 29, 54.5, 25.5
109, 79, 30, 54.5, 24.5
109, 78, 31, 54.5, 23.5
109, 77, 32, 54.5, 22.5
109, 76, 33, 54.5, 21.5
109, 75, 34, 54.5, 20.5
109, 74, 35, 54.5, 19.5
109, 73, 36, 54.5, 18.5
109, 72, 37, 54.5, 17.5
109, 71, 38, 54.5, 16.5
109, 70, 39, 54.5, 15.5
109, 69, 40, 54.5, 14.5
109, 68, 41, 54.5, 13.5
109, 67, 42, 54.5, 12.5
109, 66, 43, 54.5, 11.5
109, 65, 44, 54.5, 10.5
109, 64, 45, 54.5, 9.5
109, 63, 46, 54.5, 8.5
109, 62, 47, 54.5, 7.5
109, 61, 48, 54.5, 6.5
109, 60, 49, 54.5, 5.5
109, 59, 50, 54.5, 4.5
109, 58, 51, 54.5, 3.5
109, 57, 52, 54.5, 2.5
109, 56, 53, 54.5, 1.5
109, 55, 54, 54.5, 0.5
110, 107, 3, 55, 52
110, 103, 7, 55, 48
110, 101, 9, 55, 46
110, 97, 13, 55, 42
110, 93, 17, 55, 38
110, 91, 19, 55, 36
110, 89, 21, 55, 34
110, 87, 23, 55, 32
110, 83, 27, 55, 28
110, 81, 29, 55, 26
110, 79, 31, 55, 24
110, 73, 37, 55, 18
110, 71, 39, 55, 16
110, 69, 41, 55, 14
110, 67, 43, 55, 12
110, 63, 47, 55, 8
110, 61, 49, 55, 6
110, 59, 51, 55, 4
110, 57, 53, 55, 2
111, 109, 2, 55.5, 53.5
111, 107, 4, 55.5, 51.5
111, 106, 5, 55.5, 50.5
111, 104, 7, 55.5, 48.5
111, 103, 8, 55.5, 47.5
111, 101, 10, 55.5, 45.5
111, 100, 11, 55.5, 44.5
111, 98, 13, 55.5, 42.5
111, 97, 14, 55.5, 41.5
111, 95, 16, 55.5, 39.5
111, 94, 17, 55.5, 38.5
111, 92, 19, 55.5, 36.5
111, 91, 20, 55.5, 35.5
111, 89, 22, 55.5, 33.5
111, 88, 23, 55.5, 32.5
111, 86, 25, 55.5, 30.5
111, 85, 26, 55.5, 29.5
111, 83, 28, 55.5, 27.5
111, 82, 29, 55.5, 26.5
111, 80, 31, 55.5, 24.5
111, 79, 32, 55.5, 23.5
111, 77, 34, 55.5, 21.5
111, 76, 35, 55.5, 20.5
111, 73, 38, 55.5, 17.5
111, 71, 40, 55.5, 15.5
111, 70, 41, 55.5, 14.5
111, 68, 43, 55.5, 12.5
111, 67, 44, 55.5, 11.5
111, 65, 46, 55.5, 9.5
111, 64, 47, 55.5, 8.5
111, 62, 49, 55.5, 6.5
111, 61, 50, 55.5, 5.5
111, 59, 52, 55.5, 3.5
111, 58, 53, 55.5, 2.5
111, 56, 55, 55.5, 0.5
112, 109, 3, 56, 53
112, 107, 5, 56, 51
112, 103, 9, 56, 47
112, 101, 11, 56, 45
112, 99, 13, 56, 43
112, 97, 15, 56, 41
112, 95, 17, 56, 39
112, 93, 19, 56, 37
112, 89, 23, 56, 33
112, 87, 25, 56, 31
112, 85, 27, 56, 29
112, 83, 29, 56, 27
112, 81, 31, 56, 25
112, 79, 33, 56, 23
112, 75, 37, 56, 19
112, 73, 39, 56, 17
112, 71, 41, 56, 15
112, 69, 43, 56, 13
112, 67, 45, 56, 11
112, 65, 47, 56, 9
112, 61, 51, 56, 5
112, 59, 53, 56, 3
112, 57, 55, 56, 1
113, 111, 2, 56.5, 54.5
113, 110, 3, 56.5, 53.5
113, 109, 4, 56.5, 52.5
113, 108, 5, 56.5, 51.5
113, 107, 6, 56.5, 50.5
113, 106, 7, 56.5, 49.5
113, 105, 8, 56.5, 48.5
113, 104, 9, 56.5, 47.5
113, 103, 10, 56.5, 46.5
113, 102, 11, 56.5, 45.5
113, 101, 12, 56.5, 44.5
113, 100, 13, 56.5, 43.5
113, 99, 14, 56.5, 42.5
113, 98, 15, 56.5, 41.5
113, 97, 16, 56.5, 40.5
113, 96, 17, 56.5, 39.5
113, 95, 18, 56.5, 38.5
113, 94, 19, 56.5, 37.5
113, 93, 20, 56.5, 36.5
113, 92, 21, 56.5, 35.5
113, 91, 22, 56.5, 34.5
113, 90, 23, 56.5, 33.5
113, 89, 24, 56.5, 32.5
113, 88, 25, 56.5, 31.5
113, 87, 26, 56.5, 30.5
113, 86, 27, 56.5, 29.5
113, 85, 28, 56.5, 28.5
113, 84, 29, 56.5, 27.5
113, 83, 30, 56.5, 26.5
113, 82, 31, 56.5, 25.5
113, 81, 32, 56.5, 24.5
113, 80, 33, 56.5, 23.5
113, 79, 34, 56.5, 22.5
113, 78, 35, 56.5, 21.5
113, 77, 36, 56.5, 20.5
113, 76, 37, 56.5, 19.5
113, 75, 38, 56.5, 18.5
113, 74, 39, 56.5, 17.5
113, 73, 40, 56.5, 16.5
113, 72, 41, 56.5, 15.5
113, 71, 42, 56.5, 14.5
113, 70, 43, 56.5, 13.5
113, 69, 44, 56.5, 12.5
113, 68, 45, 56.5, 11.5
113, 67, 46, 56.5, 10.5
113, 66, 47, 56.5, 9.5
113, 65, 48, 56.5, 8.5
113, 64, 49, 56.5, 7.5
113, 63, 50, 56.5, 6.5
113, 62, 51, 56.5, 5.5
113, 61, 52, 56.5, 4.5
113, 60, 53, 56.5, 3.5
113, 59, 54, 56.5, 2.5
113, 58, 55, 56.5, 1.5
113, 57, 56, 56.5, 0.5
114, 109, 5, 57, 52
114, 107, 7, 57, 50
114, 103, 11, 57, 46
114, 101, 13, 57, 44
114, 97, 17, 57, 40
114, 91, 23, 57, 34
114, 89, 25, 57, 32
114, 85, 29, 57, 28
114, 83, 31, 57, 26
114, 79, 35, 57, 22
114, 77, 37, 57, 20
114, 73, 41, 57, 16
114, 71, 43, 57, 14
114, 67, 47, 57, 10
114, 65, 49, 57, 8
114, 61, 53, 57, 4
114, 59, 55, 57, 2
115, 113, 2, 57.5, 55.5
115, 112, 3, 57.5, 54.5
115, 111, 4, 57.5, 53.5
115, 109, 6, 57.5, 51.5
115, 108, 7, 57.5, 50.5
115, 107, 8, 57.5, 49.5
115, 106, 9, 57.5, 48.5
115, 104, 11, 57.5, 46.5
115, 103, 12, 57.5, 45.5
115, 102, 13, 57.5, 44.5
115, 101, 14, 57.5, 43.5
115, 99, 16, 57.5, 41.5
115, 98, 17, 57.5, 40.5
115, 97, 18, 57.5, 39.5
115, 96, 19, 57.5, 38.5
115, 94, 21, 57.5, 36.5
115, 93, 22, 57.5, 35.5
115, 91, 24, 57.5, 33.5
115, 89, 26, 57.5, 31.5
115, 88, 27, 57.5, 30.5
115, 87, 28, 57.5, 29.5
115, 86, 29, 57.5, 28.5
115, 84, 31, 57.5, 26.5
115, 83, 32, 57.5, 25.5
115, 82, 33, 57.5, 24.5
115, 81, 34, 57.5, 23.5
115, 79, 36, 57.5, 21.5
115, 78, 37, 57.5, 20.5
115, 77, 38, 57.5, 19.5
115, 76, 39, 57.5, 18.5
115, 74, 41, 57.5, 16.5
115, 73, 42, 57.5, 15.5
115, 72, 43, 57.5, 14.5
115, 71, 44, 57.5, 13.5
115, 68, 47, 57.5, 10.5
115, 67, 48, 57.5, 9.5
115, 66, 49, 57.5, 8.5
115, 64, 51, 57.5, 6.5
115, 63, 52, 57.5, 5.5
115, 62, 53, 57.5, 4.5
115, 61, 54, 57.5, 3.5
115, 59, 56, 57.5, 1.5
115, 58, 57, 57.5, 0.5
116, 113, 3, 58, 55
116, 111, 5, 58, 53
116, 109, 7, 58, 51
116, 107, 9, 58, 49
116, 105, 11, 58, 47
116, 103, 13, 58, 45
116, 101, 15, 58, 43
116, 99, 17, 58, 41
116, 97, 19, 58, 39
116, 95, 21, 58, 37
116, 93, 23, 58, 35
116, 91, 25, 58, 33
116, 89, 27, 58, 31
116, 85, 31, 58, 27
116, 83, 33, 58, 25
116, 81, 35, 58, 23
116, 79, 37, 58, 21
116, 77, 39, 58, 19
116, 75, 41, 58, 17
116, 73, 43, 58, 15
116, 71, 45, 58, 13
116, 69, 47, 58, 11
116, 67, 49, 58, 9
116, 65, 51, 58, 7
116, 63, 53, 58, 5
116, 61, 55, 58, 3
116, 59, 57, 58, 1
117, 115, 2, 58.5, 56.5
117, 113, 4, 58.5, 54.5
117, 112, 5, 58.5, 53.5
117, 110, 7, 58.5, 51.5
117, 109, 8, 58.5, 50.5
117, 107, 10, 58.5, 48.5
117, 106, 11, 58.5, 47.5
117, 103, 14, 58.5, 44.5
117, 101, 16, 58.5, 42.5
117, 100, 17, 58.5, 41.5
117, 98, 19, 58.5, 39.5
117, 97, 20, 58.5, 38.5
117, 95, 22, 58.5, 36.5
117, 94, 23, 58.5, 35.5
117, 92, 25, 58.5, 33.5
117, 89, 28, 58.5, 30.5
117, 88, 29, 58.5, 29.5
117, 86, 31, 58.5, 27.5
117, 85, 32, 58.5, 26.5
117, 83, 34, 58.5, 24.5
117, 82, 35, 58.5, 23.5
117, 80, 37, 58.5, 21.5
117, 79, 38, 58.5, 20.5
117, 77, 40, 58.5, 18.5
117, 76, 41, 58.5, 17.5
117, 74, 43, 58.5, 15.5
117, 73, 44, 58.5, 14.5
117, 71, 46, 58.5, 12.5
117, 70, 47, 58.5, 11.5
117, 68, 49, 58.5, 9.5
117, 67, 50, 58.5, 8.5
117, 64, 53, 58.5, 5.5
117, 62, 55, 58.5, 3.5
117, 61, 56, 58.5, 2.5
117, 59, 58, 58.5, 0.5
118, 115, 3, 59, 56
118, 113, 5, 59, 54
118, 111, 7, 59, 52
118, 109, 9, 59, 50
118, 107, 11, 59, 48
118, 105, 13, 59, 46
118, 103, 15, 59, 44
118, 101, 17, 59, 42
118, 99, 19, 59, 40
118, 97, 21, 59, 38
118, 95, 23, 59, 36
118, 93, 25, 59, 34
118, 91, 27, 59, 32
118, 89, 29, 59, 30
118, 87, 31, 59, 28
118, 85, 33, 59, 26
118, 83, 35, 59, 24
118, 81, 37, 59, 22
118, 79, 39, 59, 20
118, 77, 41, 59, 18
118, 75, 43, 59, 16
118, 73, 45, 59, 14
118, 71, 47, 59, 12
118, 69, 49, 59, 10
118, 67, 51, 59, 8
118, 65, 53, 59, 6
118, 63, 55, 59, 4
118, 61, 57, 59, 2
119, 117, 2, 59.5, 57.5
119, 116, 3, 59.5, 56.5
119, 115, 4, 59.5, 55.5
119, 114, 5, 59.5, 54.5
119, 113, 6, 59.5, 53.5
119, 111, 8, 59.5, 51.5
119, 110, 9, 59.5, 50.5
119, 109, 10, 59.5, 49.5
119, 108, 11, 59.5, 48.5
119, 107, 12, 59.5, 47.5
119, 106, 13, 59.5, 46.5
119, 104, 15, 59.5, 44.5
119, 103, 16, 59.5, 43.5
119, 101, 18, 59.5, 41.5
119, 100, 19, 59.5, 40.5
119, 99, 20, 59.5, 39.5
119, 97, 22, 59.5, 37.5
119, 96, 23, 59.5, 36.5
119, 95, 24, 59.5, 35.5
119, 94, 25, 59.5, 34.5
119, 93, 26, 59.5, 33.5
119, 92, 27, 59.5, 32.5
119, 90, 29, 59.5, 30.5
119, 89, 30, 59.5, 29.5
119, 88, 31, 59.5, 28.5
119, 87, 32, 59.5, 27.5
119, 86, 33, 59.5, 26.5
119, 83, 36, 59.5, 23.5
119, 82, 37, 59.5, 22.5
119, 81, 38, 59.5, 21.5
119, 80, 39, 59.5, 20.5
119, 79, 40, 59.5, 19.5
119, 78, 41, 59.5, 18.5
119, 76, 43, 59.5, 16.5
119, 75, 44, 59.5, 15.5
119, 74, 45, 59.5, 14.5
119, 73, 46, 59.5, 13.5
119, 72, 47, 59.5, 12.5
119, 71, 48, 59.5, 11.5
119, 69, 50, 59.5, 9.5
119, 67, 52, 59.5, 7.5
119, 66, 53, 59.5, 6.5
119, 65, 54, 59.5, 5.5
119, 64, 55, 59.5, 4.5
119, 62, 57, 59.5, 2.5
119, 61, 58, 59.5, 1.5
119, 60, 59, 59.5, 0.5
120, 113, 7, 60, 53
120, 109, 11, 60, 49
120, 107, 13, 60, 47
120, 103, 17, 60, 43
120, 101, 19, 60, 41
120, 97, 23, 60, 37
120, 91, 29, 60, 31
120, 89, 31, 60, 29
120, 83, 37, 60, 23
120, 79, 41, 60, 19
120, 77, 43, 60, 17
120, 73, 47, 60, 13
120, 71, 49, 60, 11
120, 67, 53, 60, 7
120, 61, 59, 60, 1