n=7 len=3 k=2 2s=2 3s=1
2 3 2 
n=9 len=4 k=2 2s=3 3s=1
2 3 2 2
2 2 3 2
n=10 len=4 k=2 2s=2 3s=2
2 3 3 2 
n=11 len=5 k=2 2s=4 3s=1
2 3 2 2 2
2 2 3 2 2
2 2 2 3 2
n=12 len=5 k=2 2s=3 3s=2
2 3 3 2 2
2 2 3 3 2
n=13 len=5 k=2 2s=2 3s=3
2 3 3 3 2
n=13 len=6 k=2 2s=5 3s=1
2 3 2 2 2 2
2 2 3 2 2 2
2 2 2 3 2 2
2 2 2 2 3 2
n=14 len=6 k=2 2s=4 3s=2
2 2 2 3 3 2
2 2 3 3 2 2
2 3 3 2 2 2
n=15 len=6 k=2 2s=3 3s=3 
2 2 3 3 3 2
2 3 3 3 2 2
n=15 len=7 k=2 2s=6 3s=1
2 2 2 2 2 3 2
2 2 2 2 3 2 2
2 2 2 3 2 2 2
2 2 3 2 2 2 2
2 3 2 2 2 2 2
n=16 len=6 k=2 2s=2 3s=4
2 3 3 3 3 2 
n=16 len=7 k=2 2s=5 3s=2
2 2 2 2 3 3 2
2 2 2 3 3 2 2
2 2 3 3 2 2 2
2 3 3 2 2 2 2
n=17 len=7 k=2 2s=4 3s=3 
2 2 2 3 3 3 2
2 2 3 3 3 2 2
2 3 3 3 2 2 2
n=17 len=8 k=2 2s=7 3s=1
2 2 2 2 2 2 3 2
n=18 len=7 k=2 2s=3 3s=4
2 2 3 3 3 3 2
2 3 3 3 3 2 2
n=18 len=8 k=2 2s=6 3s=2
2 2 2 2 2 3 3 2
2 2 2 2 3 3 2 2
2 2 2 3 3 2 2 2
2 2 3 3 2 2 2 2
2 3 3 2 2 2 2 2
n=19 len=7 k=2 2s=2 3s=5
2 3 3 3 3 3 2 
n=19 len=8 k=2 2s=5 3s=3
2 2 2 2 3 3 3 2 
2 2 2 3 3 3 2 2
2 2 3 3 3 2 2 2
2 3 3 3 2 2 2 2
n=19 len=9 k=2 2s=8 3s=1
2 2 2 2 2 2 2 3 2
2 2 2 2 2 2 3 2 2
2 2 2 2 2 3 2 2 2
2 2 2 2 3 2 2 2 2
2 2 2 3 2 2 2 2 2
2 2 3 2 2 2 2 2 2 
2 3 2 2 2 2 2 2 2 
n=20 len=8 k=2 2s=4 3s=4
2 2 2 3 3 3 3 2
2 2 3 3 3 3 2 2
2 3 3 3 3 2 2 2  
n=20 len=9 k=2 2s=7 3s=2
2 2 2 2 2 2 3 3 2
2 2 2 2 2 3 3 2 2
2 2 2 2 3 3 2 2 2
2 2 2 3 3 2 2 2 2
2 2 3 3 2 2 2 2 2
2 3 3 2 2 2 2 2 2
n=21 len=8 k=2 2s=3 3s=5
2 2 2 3 3 3 3 3
2 2 3 3 3 3 3 2
2 3 3 3 3 3 2 2 
n=21 len=9 k=2 2s=6 3s=3
2 2 2 2 2 3 3 3 2
2 2 2 2 3 3 3 2 2
2 2 2 3 3 3 2 2 2
2 2 3 3 3 2 2 2 2
2 3 3 3 2 2 2 2 2
n=22 len=8 k=2 2s=2 3s=6
2 3 3 3 3 3 3 2 
n=22 len=9 k=2 2s=5 3s=4
2 2 2 2 3 3 3 3 2
2 2 2 3 3 3 3 2 2
2 2 3 3 3 3 2 2 2
2 3 3 3 3 2 2 2 2 
n=23 len=9 k=2 2s=4 3s=5
2 2 2 3 3 3 3 3 2
2 2 3 3 3 3 3 2 2
2 3 3 3 3 3 2 2 2
n=24 len=9 k=2 2s=3 3s=6
2 2 3 3 3 3 3 3 2
2 3 3 3 3 3 3 2 2
n=25 len=9 k=2 2s=2 3s=7
2 3 3 3 3 3 3 3 2